0.09879 0.98098 0.98792 1.4
0.09879 0.98098 0.98792 1.8
0.09879 0.98098 0.98792 3.6
0.09879 0.98098 0.98792 8.9
0.09879 0.98098 0.98792 1.4
0.09879 0.98098 0.98792 1.4
0.09879 0.98098 0.98792 1.4
0.09879 0.98098 0.98792 1.4
0.09879 0.98098 0.98792 1.4
0.09879 0.98098 0.98792 1.4
0.09879 0.98098 0.98792 1.4
0.09879 0.98098 0.98792 1.4
0.09879 0.98098 0.98792 1.4
0.09879 0.98098 0.98792 1.4
0.09879 0.98098 0.98792 1.4
0.09879 0.98098 0.98792 1.4
0.09879 0.98098 0.98792 1.4
0.09879 0.98098 0.98792 1.4
0.09879 0.98098 0.98792 1.4
0.09879 0.98098 0.98792 1.4
0.09879 0.98098 0.98792 1.4
0.09879 0.98098 0.98792 1.4
0.09879 0.98098 0.98792 1.4
0.09879 0.98098 0.98792 1.4
0.09879 0.98098 0.98792 1.4
0.09879 0.98098 0.98792 1.4
0.09879 0.98098 0.98792 1.4
0.09879 0.98098 0.98792 1.4
0.09879 0.98098 0.98792 1.4
0.09879 0.98098 0.98792 1.4
0.09879 0.98098 0.98792 1.4
0.09879 0.98098 0.98792 1.4
0.09879 0.98098 0.98792 1.4
0.09879 0.98098 0.98792 1.4
0.09879 0.98098 0.98792 1.4
0.09879 0.98098 0.98792 1.4
0.09879 0.98098 0.98792 1.4
0.09879 0.98098 0.98792 1.4
0.09879 0.98098 0.98792 1.4
0.09879 0.98098 0.98792 1.4
0.09879 0.98098 0.98792 1.4
0.09879 0.98098 0.98792 1.4
0.09879 0.98098 0.98792 1.4
0.09879 0.98098 0.98792 1.4
0.09879 0.98098 0.98792 1.4