3404
2708
5036
3061
7307
3521
8847
4809
8626
8405
3099
341
95
6340
4444
6602
3734
5548
4122
3439
7146
6799
5766
1004
7993
1665
6902
2026
3770
7400
8967
8307
7634
4729
7506
350
1421
9823
7688
7861
7077
137
6479
5090
6872
6542
1278
4124
4568
8793
8421
8145
9202
2884
8437
1593
2086
353
5037
1468
5663
431
4291
5967
4597
7104
4399
5459
4829
98
3049
7164
9441
4188
3936
2666
6528
4280
3487
7576
2591
8600
5098
301
2507
672
4529
3707
7105
2994
5175
4855
7625
3589
2594
4752
1694
3461
5101
3549
1708
7105
1718
6641
6009
4550
8866
7103
4465
7191
6819
1439
268
433
1917
4733
7674
9148
5039
7907
9847
4307
1878
7445
4725
1014
430
4726
8782
4104
873
6533
7990
1775
7079
5776
3113
7806
7301
2715
4506
6878
8102
4419
2774
1950
6360
7204
4263
6853
7652
7051
8600
5552
1588
9556
77
2826
1367
1409
2432
6466
3055
8344
2251
8909
8302
546
9040
9409
5018
6390
5835
9642
6936
2833
5129
2965
6594
5845
1509
9287
5460
6614
1146
8357
2035
1116
4296
470
6234
9843
6146
3982
9809
1984
6979
8083
4723
316
985
1380
9946
5243
2941
9548
1851
2429
7296
122
6080
8331
4139
7699
9928
2603
7657
4939
1126
1113
1108
96
7555
8979
5344
8854
9632
5898
468
957
6679
18
9973
9653
2475
9994
4113
3523
586
1983
3574
3085
3721
4529
8449
589
5523
7645
6638
5491
9555
8203
661
1083
6699
8800
8562
8454
266
8003
1239
9557
3134
4742
3595
5793
493
4183
3288
4076
7073
9626
8042
2987
7777
8961
9158
3232
2794
7258
1604
3850
6079
4614
4674
3461
9347
3067
9432
4765
593
2213
1169
3874
8835
5564
8305
6122
3976
9347
4982
5633
7954
9341
3028
364
1105
9234
6630
4540
3199
823
3522
6623
7426
6513
3947
2604
2042
6849
5338
4041
5270
3850
9170
4694
6430
4569
629
7147
1245
9373
7972
8484
8433
7509
7571
3774
8579
4958
8003
6143
5758
4429
3308
363
2261
3548
2317
8053
9373
376
7285
6819
4897
3603
8716
7811
7388
1894
7228
4812
2207
8735
7154
7692
4195
1762
1094
5142
4655
7236
9356
9146
7318
6050
922
8425
7286
3496
6802
6810
9684
3323
3894
982
9439
2778
7092
3989
9957
1351
2008
1382
1490
990
1775
9973
6698
9160
8431
4203
5268
7171
5570
6743
5350
7272
473
9119
4612
6503
803
4804
8504
3629
9333
6606
1658
400
5378
1946
796
4198
1612
3610
3138
8107
2072
1675
7115
1487
6033
4211
2436
4488
9807
749
4271
1981
7847
5786
1895
6815
3469
7229
7168
5938
9351
4689
1596
9083
696
1669
2667
3927
9638
7753
1333
2738
6680
1421
61
1713
4905
9697
6097
5656
1180
774
6439
8366
982
5747
594
2216
9893
7482
2063
9199
6784
7496
8486
9819
7638
1474
1428
694
8688
6284
709
8371
7519
2545
6414
9955
9093
6344
854
8347
2185
7149
8305
3100
4352
6836
4796
5205
5622
5025
9828
7195
7619
6322
96
3517
7380
5756
9488
5007
5879
1665
8773
6988
6988
4752
2768
4772
7962
5106
1784
7378
2502
7949
6076
6617
6081
9010
9394
3333
63
6519
4382
4137
3895
6745
8203
7111
3959
9614
2536
2442
9566
2857
375
3300
1670
4965
1123
2799
1047
5395
7771
8173
7961
7837
5243
8320
6222
2396
5555
8997
3398
2971
7311
848
1662
9424
2437
5474
7419
2280
9802
6356
8505
3090
4017
5775
9383
7984
3097
7608
1557
5656
2952
6589
1700
5896
8573
3042
6903
9225
8908
2889
1994
8645
3881
8822
3324
9901
4137
1290
4670
8081
7911
7567
6564
4941
2587
3875
5202
1541
6249
3277
2338
5924
8506
8391
759
8376
4910
7025
6127
196
9934
369
3825
4867
4049
875
3006
5146
2580
3860
2365
6838
4033
5359
7375
5800
9857
6939
3250
4124
4668
8921
4336
0
987
6283
742
297
9272
3305
1628
8229
3266
8212
9699
5552
8131
5226
5205
7683
601
5365
8359
5758
5677
7131
3538
8486
5274
7655
3767
1163
8391
3652
2931
2160
6554
2359
5638
7727
6591
2607
6860
3216
6481
6802
2440
522
2934
973
765
9988
4897
593
5335
7883
1204
6874
4090
3546
8900
2101
6135
2237
2388
7358
5667
5778
8263
3213
5517
9863
6597
3166
5695
2104
6652
6069
6555
4260
5944
1164
1832
7542
2691
7493
2838
8751
3520
5757
4644
2109
4996
4245
2340
4687
5853
6301
3009
2734
2565
4596
9492
1961
9892
9321
4219
9585
5956
4228
5009
7741
8069
6519
1486
5814
9930
616
189
5010
3084
5366
9190
4272
9464
6955
578
9456
9946
5631
4853
2537
8666
5307
5431
6454
7301
9607
8893
1058
4403
9937
4294
7447
1731
7448
8405
2981
3917
7396
348
5175
9475
5350
5459
6423
2456
6572
9799
4493
344
5891
4099
4391
499
6361
5310
5938
2967
9117
9865
4872
3453
7651
3972
8859
2442
8649
4224
4523
5153
8820
2224
6565
1347
2070
6257
367
337
2355
4486
1618
1247
6029
8423
2129
3556
9566
4358
6258
5564
6188
3449
1791
2809
2034
9405
3508
9169
8736
5325
3418
945
2062
8652
9054
2424
2330
9216
4801
5288
2244
9793
7620
2726
6974
5680
1838
2228
4041
7584
9328
7064
9009
111
5971
4223
529
4275
9752
4778
8238
5331
552
9750
7059
2999
4061
6375
8736
7797
9807
2993
2412
1258
4988
6726
365
8033
8688
9906
8141
8081
5368
8631
5627
824
8020
1419
2072
3258
5935
3354
1439
611
9429
5158
2750
5569
2668
6364
9920
7058
3281
235
5218
3347
4957
6911
8384
4098
6610
6286
4416
5526
7462
1838
1078
7923
2290
8111
2329
9100
1528
266
2540
4680
77
3044
7701
4785
3439
2582
5033
6842
719
7
2997
5998
4859
1077
8651
6543
4190
1014
1532
1167
5913
8590
2773
4654
4498
8145
4614
5099
3852
7760
8386
1592
6038
5263
6974
338
694
5639
7125
6459
1873
2100
4653
1721
9895
2443
8385
6322
3364
9608
2830
8548
1532
6376
2232
2999
7026
4458
9186
6773
3575
6480
7319
9417
3543
8792
4901
1136
6879
3036
5782
8456
4545
379
3102
5103
4108
7371
4253
178
3320
6427
1284
2799
26
9057
4647
6317
7264
6988
6518
4335
6211
499
8190
1475
2042
3855
3410
7134
3561
8886
5626
3742
4678
671
3004
6614
8939
5712
4021
6836
12
5177
4687
3016
8496
9794
254
9894
2104
5807
3750
715
5726
5459
5766
7431
5249
7269
916
9416
6951
9310
3594
4368
3494
1945
865
7140
9809
5709
2102
2621
1538
3579
8489
5191
8936
1493
4333
5442
2370
8127
6081
9964
9275
6017
7485
8727
5375
1051
4531
1897
5665
2163
8212
3682
9886
1330
2807
1808
4357
7054
9362
5653
999
1771
7576
1528
8519
8250
689
7357
3019
9614
839
1513
9557
6043
5675
2587
3373
8232
8942
5732
7040
3166
2848
8226
6533
3156
3311
4530
5084
1554
6401
4977
2634
2951
5080
7054
1914
8141
9517
6686
3331
742
641
4269
7907
3390
5540
763
4663
3230
9410
6699
7391
1888
5818
2177
5646
9824
4071
7015
4658
6507
8784
9769
4189
6922
8388
9867
1250
5940
8771
7643
4084
2070
8629
5966
3697
2477
4127
2788
5682
7742
698
5277
3146
2565
6521
1104
1987
700
3176
5640
76
6489
5839
8780
1325
2208
7758
724
3752
4724
6166
1409
5059
9700
4139
1123
5880
8517
4996
8602
5158
2546
1599
8006
1656
5385
5425
7935
2089
2066
3591
9412
7702
9808
7840
7205
390
2737
9937
4370
8755
9
7619
9380
7203
9271
8773
5036
6355
9915
6216
3496
5054
7892
5029
8570
8294
1372
3560
9163
2144
7315
3349
8785
5415
9913
486
4716
7914
7499
8499
3562
2059
9290
5574
4929
542
217
9817
722
6806
7997
3956
4692
8174
6450
2149
1676
9628
5330
2324
9608
7220
9615
3680
4794
1083
1930
1205
5720
2199
2246
4940
721
8199
7295
4811
741
1011
2039
5615
9596
5357
1093
6689
6136
123
5158
6217
6061
1366
3648
6240
3513
9255
852
2843
4887
5633
8905
1989
4829
5046
5414
7151
6626
362
6504
6961
2577
408
2179
2970
7410
6710
1826
1336
3108
5830
1573
6540
7803
5136
736
9549
72
1537
8623
4044
5163
7502
7771
6738
8982
2981
9550
358
517
7927
4688
3348
6577
2752
6932
9849
9322
4503
5116
6436
1932
5807
6668
4339
2758
4003
8581
4599
6081
5191
4048
7589
4664
7231
7074
9848
7066
7862
5672
401
6126
7475
6196
5042
8852
2147
22
9072
2844
3055
6250
5164
1342
4490
6521
1746
7035
9065
2100
9594
7795
7906
6235
8123
6267
8164
3510
7621
6974
6116
8919
192
4106
7185
4902
2161
6787
5670
6092
6948
297
4602
3611
4943
5585
7731
7625
3701
5961
4847
6898
8181
3495
964
2758
3257
5409
6716
7369
916
526
7207
9386
3425
5765
7576
7593
1296
4586
7938
9949
4487
7596
9791
211
9531
4553
5803
6677
8783
7779
479
3461
3034
1802
8965
8394
253
8190
4455
4940
5775
197
483
2775
1992
4795
2111
1343
4606
4721
4908
2652
9117
5334
7384
2195
8448
9401
4570
771
5824
5219
5470
6259
7247
7541
1013
1749
6768
4033
6139
2673
8941
9546
5068
6747
5679
262
975
3414
9870
1157
7378
9978
8029
4367
7733
9668
99
3568
1611
121
7212
2797
1980
3804
2858
4833
7161
2885
3531
8359
9766
5617
5363
3625
2690
5931
7082
9910
4243
1597
1230
6223
2598
7950
6753
8753
4568
4223
3416
8079
622
9172
7453
3556
9021
3396
4143
9960
6078
8571
6437
2920
6390
5854
7928
711
2995
616
9857
1824
5030
6882
3559
8787
8813
16
261
3109
1007
1986
9027
420
9148
338
1926
7495
351
6700
5973
1065
46
7671
8890
5027
8242
365
2939
4327
2008
8280
7176
4818
8069
7645
2152
9891
4189
2074
2286
4204
2727
6613
4701
7109
61
2988
2
9097
1344
1115
7666
6157
2223
1445
6723
9722
4789
9372
8152
6702
7665
2623
3051
1063
3462
3022
4101
7639
6233
5522
4376
9450
3121
8291
4883
788
8952
102
6148
7271
44
2338
3537
5568
9393
6686
6684
5243
4202
263
824
687
9965
5687
2934
4277
7045
5034
6190
5136
1239
1181
3322
1083
1649
3736
2428
9350
7550
3127
8263
5205
9541
9619
3476
9236
9868
3469
584
1107
306
565
6286
1875
9891
9504
6503
3935
4676
7610
6803
4587
1706
1103
4534
4844
1447
1894
2339
7012
393
3193
2438
6864
9092
2581
5639
5118
4548
9564
59
7748
2334
585
196
321
1334
2490
6645
8919
7425
9661
910
1578
8385
9058
4289
2205
5982
210
2110
342
6799
8641
8931
3716
3055
1963
6897
1641
8458
3669
3086
3717
9852
8979
3915
6446
9405
2099
8300
2832
2378
2277
6460
666
8369
3041
198
7919
1010
1377
7137
4054
746
7908
7796
5356
5389
3186
9089
6621
6091
3034
333
879
8200
8559
55
54
3992
3206
6589
5561
5296
4895
5189
4484
2295
6663
9981
5322
5452
8343
1588
8989
9037
4768
283
4069
3703
726
8579
1411
8260
3080
2745
6171
2082
7427
9133
528
6799
5691
5934
7490
1105
287
9540
8529
6678
7991
1829
8772
3333
8921
2147
8576
8478
6069
9040
2102
8141
2109
5419
9907
142
1153
2040
1735
3566
8413
3737
6722
8270
8733
3858
652
8584
3949
5956
7423
8783
2399
1519
588
6508
9466
7000
7242
5866
7771
3102
9186
4557
1755
2691
959
3906
5439
327
4067
1581
6572
4199
8813
6244
1227
8421
8618
3848
1921
8444
438
4594
8132
8533
8485
9721
4029
6009
4234
598
6238
243
439
3698
4938
1672
7429
4111
4837
55
7379
8741
1395
1724
351
3387
8578
5103
4724
5623
8146
9265
6606
7614
3639
3970
5378
1626
371
2802
7948
7105
3540
4939
6660
8757
5505
4180
4088
5037
2254
1380
5209
8760
1073
2115
4140
8790
8350
9756
723
6385
2054
6351
7056
86
4966
2606
7795
8359
1832
4312
919
7238
6151
4075
9921
3271
3908
6735
3486
7478
6162
9983
4389
1456
8115
2979
7158
9254
8228
1086
241
7566
33
5728
6404
952
9521
4320
3246
4143
2270
5718
5947
7961
9281
8671
525
968
4182
4821
7589
5169
6873
3499
896
1164
3906
3657
4026
690
1920
8333
8048
9934
6994
6242
6960
1922
1902
1306
5101
1875
6731
2797
4981
2118
70
8071
951
1783
2834
547
1503
7583
1684
4244
1568
852
9744
1635
2529
1799
8737
589
8859
9198
5939
3468
1977
3957
2832
8478
380
8380
4501
9135
2083
9270
416
4454
4639
8428
4105
164
3752
6274
4118
2843
811
4094
5347
7573
5344
2584
8589
1685
480
8295
2545
8600
8612
3094
4244
9599
6939
9551
6711
8012
4152
1779
5232
8247
4340
1271
3054
8888
3542
2317
9521
4441
9723
877
8164
1635
4445
4915
3991
1644
2775
4927
3952
3207
8831
4268
2642
2077
6948
4626
3094
8058
216
9200
4923
8245
9965
810
9949
7414
1787
824
1573
1067
6197
3189
9953
8175
9849
4604
7002
6136
4534
8455
3069
6417
655
4481
5218
3388
2644
5045
4036
8074
8908
4880
9503
112
2800
612
3094
8839
2266
7044
2085
5598
5624
9779
6836
5817
5956
3605
4932
7894
9662
8092
1149
7117
6145
213
5055
5129
3422
5992
2369
2883
1760
7435
171
6107
3213
8948
9982
448
2105
5792
8120
2099
9103
7729
7573
5690
4766
8937
1742
3806
9113
2433
8243
4813
2946
1006
70
7335
3922
2903
884
1820
9181
6306
4797
4701
1071
1780
5577
9268
4002
7418
227
580
3879
2591
3778
7950
2195
8963
3229
6627
6325
1790
1974
7430
816
7057
8657
1100
3636
2190
6868
9087
8056
1252
9129
4317
5025
225
4085
3696
8022
9223
2719
7302
5939
5315
1104
412
6480
289
9009
548
6286
1559
9552
9410
9216
4754
9124
7033
7294
6433
3463
8569
8188
1771
7242
6103
1329
6410
7635
6159
7129
502
3810
8164
8879
6724
4531
2409
3817
5638
2582
2961
1923
3147
6472
4990
550
2449
9436
4078
7047
1287
4075
1250
9598
5643
3026
6337
688
160
2557
3573
7937
5928
941
7364
248
8110
2028
9959
6721
2525
7361
2845
3991
8011
4885
5470
8637
6032
4527
7055
5896
2046
549
5059
6289
3617
3388
3507
3328
5564
390
6837
810
8846
2717
1521
9684
457
634
4199
295
126
683
6079
6481
2336
5836
488
9785
7502
1898
5936
1862
7318
6089
3548
4852
83
5106
6418
1095
8263
6345
5355
2629
6422
7206
8151
2940
7260
5890
4954
6583
322
5767
631
6028
7817
8311
4350
7207
5946
2320
5667
9740
6301
9462
1434
3554
6380
22
8730
6534
5918
5980
372
8642
5781
3452
4749
9544
911
3481
9138
5982
7801
8248
3730
9029
4815
8144
3010
4540
4157
7638
9613
2905
8169
2767
7957
4616
8611
5846
7733
1347
1694
5697
3933
7297
7354
1172
9902
1905
6358
5756
8907
5485
2455
517
4955
3352
9312
8210
2588
7665
2937
6442
1825
8320
1132
444
9766
8767
8398
6443
1510
9886
6336
5441
6753
7860
9151
2637
1050
6006
6569
6435
5869
5354
7514
540
9424
4061
953
3564
7614
7744
1148
7755
2550
855
1438
6227
8282
3666
1368
2044
1889
844
5569
7755
2363
2966
4108
5321
5731
5856
8269
4436
7043
2166
6740
6128
4489
4888
3661
896
9214
917
4559
5272
9232
2230
5740
5765
5405
4204
3704
1219
8815
7423
5080
4919
2031
4821
6633
6216
818
8208
1262
6676
6708
89
5523
5998
8924
5744
6826
8706
8704
1945
5413
3110
2952
2503
4932
1333
5957
8047
9445
1657
6520
8915
7244
4058
5350
832
7717
3237
5656
5664
9060
1390
4715
679
283
17
123
1617
9660
271
4273
6249
5475
6305
6981
9173
8853
6777
7634
4084
848
2002
7392
1656
240
7452
8138
6654
222
797
9695
6567
3368
6448
3361
7365
7505
6832
7732
8949
9295
2636
2360
195
8645
1711
2551
7871
7711
5492
4060
2423
355
3359
7553
1747
3800
6431
2116
8997
902
6186
502
8232
7028
3097
7966
7378
7607
7058
5318
3291
5602
452
1066
1587
9769
1748
2295
7062
5247
8363
9652
6149
6629
3024
1949
4945
1074
2981
3307
6430
5020
8730
736
8610
2239
4687
4225
241
9810
8540
2441
896
3146
1125
1637
5770
32
9881
3031
5971
8647
2146
4557
8565
9912
5928
1112
6690
9808
738
8247
4079
3088
9024
9966
9914
4483
669
4780
8896
7156
5724
6405
7481
305
8729
4941
6278
5444
3203
955
756
4176
9313
6138
7436
6202
8797
6637
3272
6887
414
9280
8288
2183
3480
7261
4001
6249
5855
8394
7513
6631
3641
4200
711
2503
4369
1788
5657
8032
4325
4393
9885
3637
7222
6084
5789
6170
2225
1395
2549
5345
9348
2850
645
6057
2178
2310
2747
7428
7506
439
1144
3507
4452
9777
7240
1150
2408
6596
7966
9662
8659
4313
1920
9022
7555
8070
2703
3855
998
7414
6182
6072
7583
4654
4018
4405
5853
7579
3634
1224
4838
426
6110
3579
9588
9603
1132
4795
5899
2492
8735
3605
635
717
8969
511
1573
7170
3475
4199
814
9312
9023
9911
3411
6783
5321
7334
2515
6943
1966
9603
7297
2557
7838
7533
3076
6554
8041
155
6491
2715
2513
1325
767
649
8698
3184
7152
7419
7726
280
8504
4793
4500
5357
9529
403
8828
4818
7896
4688
7936
6816
9406
576
7397
538
9055
4764
1693
5330
8916
8938
159
4258
7603
292
2481
3500
8748
3513
9300
8788
3288
5397
4457
3268
3836
219
3835
9457
520
7804
4981
2833
5546
184
3659
8813
8052
400
2109
6120
6482
8290
7718
3765
4351
6685
4604
186
4796
6765
7741
915
1060
7098
3974
3951
5327
6846
4482
4379
4720
5071
3179
7553
6362
4801
5448
2904
5255
7867
4171
3446
3694
9049
3442
4153
4495
1089
8549
1769
7448
2941
7565
518
713
7734
9128
669
5354
5165
3347
7481
3827
1690
5976
550
998
5008
9701
9835
3064
5043
7246
4525
1838
4692
6744
5003
5818
6483
4357
6385
1760
2923
3493
9145
3018
8687
2649
7843
5253
9443
4839
7947
6254
1583
4621
8809
1877
2261
9231
9886
4004
6948
4639
2057
3085
1667
8925
1228
9814
5034
3557
1354
3849
5784
6406
8432
4715
8715
5679
2481
9167
4898
9136
5749
4209
4757
7252
5904
1852
6762
9722
2096
4821
1154
694
6145
2787
9068
2045
9267
3885
1275
203
9638
8292
4677
1545
9287
6944
3649
4089
7933
1006
7874
9106
6156
5081
1529
6929
4901
2325
4614
2077
2157
2373
8782
2382
1275
518
9214
5666
6771
6442
5511
7779
1794
4107
1379
9812
4081
9428
7524
634
7835
2380
5723
4736
7466
7018
8977
6323
2446
5619
3024
5280
3745
7792
5860
5308
176
7486
6443
2717
9208
5612
527
8153
8682
7669
7393
4765
3616
6465
1638
6093
4838
5772
4554
1011
9068
517
3335
6601
8936
5511
9337
7898
6192
4123
8688
9348
706
8767
7457
52
1864
9128
6324
666
1161
3883
6242
7254
6230
3476
3813
5873
5707
1630
1256
4703
7661
2653
5088
6578
6910
9565
2008
90
7674
6938
6718
7664
8030
9689
1867
5755
3359
6736
1319
479
1232
5879
1810
5775
9505
280
5360
3387
3007
901
8868
3252
8603
2887
4108
8247
4469
8796
7097
5340
1427
6689
9015
8449
2103
8960
2127
1562
2451
5462
6915
7069
2046
7544
8383
8038
5095
9808
9071
1266
9893
1811
8465
9594
3613
8676
7683
7214
4177
5189
6578
8868
7302
5931
1777
2320
710
3256
642
4889
1635
9241
8034
6908
6491
726
6384
8872
1354
11
8966
6299
2005
9937
6733
1115
2061
1919
5161
2894
5761
5011
4343
3061
8221
3711
4128
632
3613
9988
7267
8844
1940
1229
953
3057
1720
4747
9393
4980
1306
4238
8335
1739
6550
8267
5975
8900
147
441
5693
2981
7363
77
608
8647
2841
7432
2512
9048
5577
9194
4074
8154
9562
757
9695
2937
5383
5181
3790
522
3633
4281
2274
7473
6765
6644
2260
6978
8373
9874
7239
6736
1726
493
2745
9365
9157
4898
1132
240
7867
6981
6755
690
8661
4969
2750
7439
7434
4953
8669
9012
9052
9527
3560
8696
4547
429
118
9543
9595
2635
7288
1402
1339
5513
9459
4490
8385
140
1410
7381
9545
3475
3608
4635
3604
9604
9328
4502
2701
9750
3901
7854
91
7924
6459
5526
2172
30
882
1977
2541
563
6626
620
4687
4472
3972
4961
497
8304
3847
5186
1250
7929
5596
2856
5219
1455
2370
2669
6341
1666
7656
5518
5672
7229
9495
3383
675
3814
1122
7342
1093
7667
2366
3792
4146
7985
1669
6447
3514
9530
8217
3875
856
3985
309
2206
466
4948
619
88
4738
6915
6821
9972
9049
4048
7819
5333
1323
7499
114
3826
5996
7520
2323
8189
3921
1578
8686
6287
8353
3748
3110
2979
5171
6096
3430
9731
3181
2521
4232
3717
9352
3884
2435
7918
5531
7827
8135
4654
5445
1970
2317
5363
8374
1568
7021
1984
5493
4282
4633
5818
2120
8996
6497
9441
7886
6539
9179
5404
85
3149
2219
5986
3431
9804
3012
4361
9691
3582
6580
7322
9850
2381
52
1419
7251
1104
3223
2841
825
3719
79
8837
6865
2146
9240
7884
8044
8396
7552
4947
4937
310
3634
5246
4984
640
3707
1795
3660
8092
8114
1750
5535
6438
6119
565
7544
2008
6384
2028
3746
623
9846
9936
8137
5032
3238
9649
304
4000
9225
8682
1312
8041
5869
3366
4253
23
5265
4056
9271
5459
8270
3193
6491
7378
8736
2833
3533
4850
4957
4986
5344
2793
5731
1176
12
9372
4822
4802
5142
4081
6590
4065
8671
3582
1541
3177
2875
6230
8422
6558
2868
3812
1594
3612
2804
2967
3148
2353
6626
2264
7091
3073
2868
9025
870
3398
7899
7460
8575
4358
9477
2920
6195
3678
1538
2359
7253
7295
7768
9115
4862
5173
3689
666
2308
7198
7269
3177
600
2464
6251
6478
3465
9469
6629
8281
8
5920
9064
4446
335
6014
863
8181
8810
1346
6984
3029
7824
4775
5253
8329
8711
4660
283
8005
8774
1982
4872
5611
8741
3391
9767
5680
3828
9338
7158
9030
5541
4672
4180
594
5376
2900
1488
5152
6232
821
1943
6246
9415
1224
9673
8661
9635
6720
405
802
1917
8430
7739
9049
6679
6925
3275
242
9662
5134
1699
6979
9195
7821
7025
3742
3692
3340
863
8340
3983
2375
1348
6275
4392
7670
5231
2827
6912
9096
6853
6257
1349
2805
6671
3318
6821
1754
2035
2168
7835
7259
7964
221
6790
6025
2993
611
866
1104
1761
9070
8060
489
8341
3712
7486
9100
1968
9572
7362
885
1859
383
330
9137
4555
8711
6366
8462
7339
6424
9249
8230
6887
1020
327
2982
1788
1217
105
7687
4227
2025
8271
4949
6609
7710
6172
3510
963
3141
3969
2887
8375
598
747
1611
2608
60
6119
7421
5990
7376
1417
5051
5656
6490
7288
6723
7945
8108
5506
1451
3748
1242
3456
474
7709
5019
3872
4362
7546
3164
2857
1546
7011
3811
9507
7521
8533
7
8767
6524
3700
6847
4936
9499
6477
3597
2152
3450
9147
3864
9930
9083
8648
2585
5505
449
9974
6494
730
9689
314
5131
1746
453
2711
8752
6226
3070
1390
5340
9350
2332
7764
2167
6341
1014
9816
6460
5317
1448
5051
1398
7928
5005
572
4919
611
4793
3945
742
9886
3534
4426
8866
5017
3317
2961
145
6913
5927
2680
9629
1133
7646
1919
7195
7325
9742
2285
5059
6643
6699
5200
9964
2306
1317
1616
1504
6993
780
3320
2437
3811
9166
216
1160
488
3158
5647
8998
6490
8508
6036
6104
369
5418
9430
7496
5990
2486
1208
4000
8010
1297
1954
7671
4968
1658
9280
1998
6434
9179
7287
3962
9904
2930
3981
2799
4573
3403
1882
8084
6992
8376
4238
4661
9166
3715
4306
7297
6497
5927
6155
4998
9325
9348
7737
3107
2003
9222
8387
932
9555
8678
5111
2010
1983
1226
3539
2362
1304
8442
2156
1439
4849
4
4789
6266
8825
7441
1669
8032
8768
3801
1837
6482
6632
9451
5942
6020
1003
8472
2201
3755
2323
2875
8036
3928
3478
6943
7768
9267
1984
5498
587
8887
2780
1092
5567
3699
7187
3084
5093
9473
4208
2907
7920
693
6177
8841
4129
4192
1375
9910
1434
8721
1630
7433
7862
512
9832
3580
4158
3516
3538
8920
5189
8343
4563
8402
6208
8108
3409
5007
1259
9250
1530
5818
2936
8295
9662
2096
2232
4911
8465
3416
8959
939
609
5577
1001
6643
2984
102
4130
8488
2352
8044
8014
4650
3492
4563
9513
8454
5175
9265
4407
2152
1343
3408
8124
3659
9173
4007
5918
9510
2276
5064
4197
978
7353
8145
1202
6981
2809
5681
2557
7756
6686
1172
463
2560
5472
9056
4131
6484
4970
6075
4343
2596
9514
8011
1259
4933
7705
6830
7436
2517
4095
8602
6774
4453
6267
289
5160
7886
8299
2250
8590
6749
5369
9381
5337
7214
6506
8554
3378
8345
1818
2547
9669
370
6766
1225
5664
911
5380
5348
122
1847
5123
2605
3865
8351
1544
5471
9375
6827
1027
2182
8837
6802
1195
928
5886
482
818
3527
867
8776
1598
4759
9822
7245
8951
636
1844
8591
5712
9469
6090
6547
4665
7244
2326
4718
3433
1952
7696
3422
1497
5053
5817
8016
1551
7174
2356
5947
4046
4788
1489
6478
898
867
3678
6969
3374
3371
7839
7125
7672
4747
2438
3010
5234
665
2788
7653
8237
2787
5279
7480
9934
8536
2484
4665
5096
6795
1628
5096
8070
5682
5476
9623
1146
4030
1885
7293
8174
1614
8590
7433
9085
191
1946
7072
4399
498
550
4197
9782
6365
1871
1789
315
9145
1673
9663
1865
6850
8462
5913
2093
2157
9404
1328
8213
6670
4532
8548
3488
9018
8108
4835
8092
2904
5512
3364
9225
7094
5144
6547
6160
1646
2757
5383
8586
5103
6308
4457
2457
9414
3676
8071
9181
5736
57
2608
3732
7792
1830
4958
1258
1564
1322
7719
1905
7456
8944
8971
8107
3387
6021
2976
8225
8722
7100
4759
1976
2463
5159
9051
6548
2005
3294
9177
4410
907
2152
6654
5280
1819
3989
1835
5589
782
3754
4194
5066
4036
1232
9310
2314
1885
4821
5284
74
1376
8511
8565
1981
6931
8830
3114
6070
8588
20
714
7319
1298
8477
6845
2875
4368
8127
2280
7762
2420
7238
3245
9
4376
1080
9167
1918
1861
8376
8704
8741
1385
4371
5307
3394
3066
5821
2147
9097
5892
9175
4861
1395
7488
8152
4367
7562
526
5790
784
9116
1905
780
391
3517
8520
8951
6354
3677
2636
800
1905
8587
7986
178
8746
2599
7120
3448
6527
317
1602
4175
104
6269
9967
6445
7377
3192
1052
2144
668
7336
5418
7194
7966
3710
5487
2200
9486
9157
6217
3969
5456
5021
3064
6910
6884
7800
4261
5096
867
62
3785
1133
515
2613
5516
8448
1476
4564
2494
3310
9909
7064
7850
572
7184
6971
757
5304
7060
6739
870
8187
6485
1357
4471
974
9463
7727
4494
1088
3092
4800
3300
5516
5651
1691
3299
6542
5193
174
7698
8043
9703
9818
7120
132
5451
5143
5404
9132
7200
1086
8875
1698
2678
8213
7917
1108
4915
3404
3956
6422
5924
3116
1564
2267
3995
5845
1705
2391
4998
4624
1243
1346
1005
6823
7111
9246
360
6017
1788
3886
7393
2996
3754
300
7288
5109
4928
4626
3585
1490
7512
2488
2508
4607
1756
2600
5117
3548
8361
9190
5086
2659
5746
6684
7794
7704
3840
367
912
6567
245
5053
4204
4918
8537
8213
7969
444
1308
727
5332
2682
1538
2639
6760
6196
7207
4623
78
392
9961
433
5837
5713
8589
1311
1611
7729
8003
5885
7941
4354
9264
7064
3430
4313
9538
6436
6587
5306
8804
2890
3732
2833
4865
9472
7771
3090
6095
9869
2564
9719
6903
6351
3720
786
726
7907
1685
4972
6254
8336
7811
242
8729
1949
6094
5568
2367
5850
8063
1252
4261
2299
2292
8485
1064
5686
8862
6719
3844
9217
7035
6905
9135
9056
4898
2305
2509
6451
1530
9362
9493
4251
4282
8570
6160
9284
3963
7446
7246
4896
1350
6689
6753
9817
2774
6471
8566
2647
2891
8341
7796
6574
5812
3806
988
2990
7805
2662
5361
9275
6557
9138
8185
7011
3363
8639
4815
261
5040
5128
1348
3059
40
2585
9535
4628
1077
6276
3381
8270
3781
6499
2399
4488
1871
2862
7931
516
5138
4208
2383
506
1068
6476
473
1619
4631
9203
9904
6753
1884
144
114
8559
7798
1042
7821
30
4666
6374
5448
8094
7701
7007
3607
5132
3108
548
413
3524
8068
4887
6931
4384
3706
7599
4569
8829
7831
1
8224
995
5471
1023
3216
8861
7644
6377
2413
6974
1087
6356
7869
2508
1065
8684
1227
6417
5516
9546
9555
7009
1696
5420
6139
813
4384
4912
6454
6462
6097
1226
3373
8463
1053
3547
8632
2651
9702
6895
9311
362
6477
6565
4944
615
4723
3061
76
7072
8480
5704
1042
5920
7020
686
410
1112
949
1970
3476
4354
3893
7609
4362
7885
2275
1804
6072
1471
2432
9907
5655
9681
9982
3346
2085
9285
5751
1185
7556
9324
7245
6527
992
5542
2073
1047
8543
124
4156
8628
8287
789
1740
6834
813
2875
4977
8478
4380
9525
6838
5589
4278
67
3896
6365
5238
1091
2902
5501
6207
5576
9617
3961
6688
8974
3796
9836
5696
8692
1453
5383
1388
5422
7788
5578
9544
5081
8410
6020
822
602
2732
3282
634
6955
2063
4286
6612
6374
9396
9389
364
8276
3209
9243
7320
8651
3179
8222
5026
7727
2027
1884
3309
6625
8490
6066
8304
9345
2823
8236
1019
807
7962
7701
3703
4708
3942
7539
4792
5361
3887
873
3246
7444
7801
3969
5616
756
6158
3581
6878
902
7938
4414
1153
2339
4601
4455
4807
3440
3139
611
2710
9351
3686
9978
1972
6042
7238
7977
4416
1598
6111
1551
8347
8124
5039
8084
7432
5706
4513
3231
7262
1354
9009
2672
6259
4753
3475
7575
3355
3207
1201
1952
1156
8833
7907
8528
2018
9930
1502
1073
3929
6499
6104
1772
3249
7553
1387
6235
7449
784
409
2107
2099
1923
149
6216
6090
6906
5262
2998
8976
5338
3839
3852
8244
6441
1263
4495
2803
6917
8290
8159
5905
4769
4795
9452
9284
7596
7041
8496
2278
6053
3937
8296
3818
1096
316
9248
525
5539
3301
2270
340
3239
5307
9815
5012
3760
8448
5626
7973
9876
2677
1689
7119
3646
3531
7808
9997
8395
4894
5164
6325
4341
4596
6643
8793
8458
1699
2258
7812
8974
7714
6087
2353
4708
5699
9366
9078
1565
9501
4146
3351
6342
7222
4834
1466
1992
1707
7341
733
3684
8872
2412
4883
8096
1371
9398
806
6266
918
4313
9784
1509
4587
8484
379
1588
8715
2386
7816
2393
1927
4426
7516
5675
843
7655
3128
7325
9880
1839
722
2039
2127
3322
284
6360
5027
6863
8206
7864
2012
6229
3134
8745
8954
6387
1064
596
9529
3427
1537
1783
6008
3796
3250
1162
6490
6661
1104
6564
7932
6038
3871
3944
4722
5991
5230
1262
3045
4427
5607
7921
3620
372
8750
7105
2521
4026
3260
1123
2234
6826
5647
7631
1947
6713
5788
9574
6871
524
9641
9779
6492
401
2755
2117
5147
2702
2060
8565
1156
4941
1272
5848
3001
1454
2346
7744
7759
8557
6205
2879
7204
46
6308
5180
923
3396
8522
9541
976
3799
9059
5908
6917
727
3417
9284
9744
8011
882
2053
6250
3394
586
1517
5862
3974
101
3294
4365
7071
2980
4396
1118
1436
9985
2230
7415
8171
2353
4757
6192
7765
6083
2610
2472
4662
2741
7902
9162
3206
4740
1557
2385
8236
4736
9077
2106
8816
3782
5761
1123
5042
7564
8764
9885
2364
2754
2356
6320
2996
7592
3071
3619
836
7238
4477
9794
4726
8256
4485
8452
6825
3413
6196
7241
1310
6040
3578
3853
2965
2666
3851
9625
7209
4487
9915
2706
1007
6210
2182
4881
1673
764
8935
3134
1199
1023
2551
8559
9404
5082
3223
4458
5088
5520
2091
7951
5664
7564
8660
2457
5606
8335
7135
8173
202
3854
7609
6141
1732
7064
7774
5035
9298
8593
9784
5368
3540
4966
608
8061
7162
2893
4913
9868
9956
8224
413
2201
1299
1601
1939
6045
6521
5772
8014
6970
2393
2497
1967
1585
4797
9927
486
9941
2005
2236
7525
2208
3697
5976
6211
3048
6301
8021
4359
7868
2808
3664
2627
5107
1018
8076
2128
794
2668
5261
846
1339
9776
2805
4485
9275
4687
4791
4548
7988
7530
4210
6674
4268
9473
5499
538
5360
8514
1699
3981
8539
8792
9034
4087
1476
3530
1970
4388
9667
9071
421
707
9043
2069
7892
4142
4268
4752
5508
3564
6787
4706
5672
4985
8369
526
1907
4054
4017
3686
3492
699
9180
86
7913
2565
6406
8780
4393
5310
9376
2015
5911
1852
6271
3157
1728
9395
4786
4758
8008
5282
6537
6300
7673
9238
6748
6059
7375
7433
4198
5292
5688
3259
4639
395
1895
4807
6748
8424
1940
2281
4858
929
4448
6379
9524
3122
1795
6077
2507
9930
7595
118
1884
8507
9258
1751
2579
9493
284
6258
8080
9932
9054
1318
1132
6586
5623
2428
7709
6722
8169
3829
7787
6253
1261
8088
7810
6403
6602
4365
6030
3328
9410
14
7209
2237
4340
5372
4360
4407
8326
620
39
1541
7973
1799
2232
8411
5725
7608
6469
5577
8863
2364
2869
5594
8265
6948
1430
9253
3440
3295
9594
8229
4669
9028
1402
4717
843
8824
7219
6474
8989
8380
9891
8452
2050
6442
737
3547
9955
535
700
3335
8871
2898
2920
6613
4645
4903
5794
6900
6371
6597
2367
8978
5763
4663
3670
6592
7482
5450
3668
2518
9325
394
161
9146
878
7523
1001
7676
6445
7467
1554
7064
2308
3219
9835
692
4883
3182
2194
8512
965
300
1821
755
8853
9489
5544
9423
7458
4070
2076
2761
3316
1020
6780
6006
4361
2991
9376
6548
1538
954
5755
5110
4097
6545
1203
1048
3000
4432
8692
1585
1203
157
3687
3573
169
1873
1411
8497
8248
9517
8551
2469
3014
8771
2345
5552
2502
4821
2990
5073
7609
9622
2263
3429
325
5398
9018
6925
9095
7812
4597
6143
717
2274
3158
9063
3206
2335
3567
8984
253
3091
6408
8932
3228
1533
8863
1350
1341
2004
1003
3859
2013
9308
4451
8979
8828
2937
4187
7840
7516
1109
3320
4264
8266
4579
7227
6808
9550
6075
4259
6559
7587
3933
3455
2193
1202
3570
3696
4402
1229
7463
1026
2180
5437
6618
5369
1615
9292
7212
9141
3979
4784
5588
9752
6331
3971
4563
255
827
4413
2277
5209
8218
8791
6985
3079
7840
8742
9779
2920
4938
1507
9436
539
5551
7204
3484
6217
1515
2744
7260
2575
575
5530
9591
8887
9360
9436
5740
1918
4487
3248
5268
6469
7005
1604
6407
1191
4693
3202
3327
8841
135
3318
7536
7725
6253
1006
6076
7339
8675
6300
1980
1697
9609
568
34
4231
9016
6919
680
8729
851
3968
5700
2465
1272
9702
9148
4190
5102
8929
5049
4307
2223
2084
9281
93
7042
6642
8935
9374
1575
1977
6004
5826
3710
4758
0
4963
7180
1457
4996
9402
8295
2494
7059
5942
6938
8440
3433
1860
958
446
8833
6529
1126
2276
4780
7608
5531
8543
492
6139
758
4534
5072
3742
8441
6248
4793
9988
4632
2438
9508
9746
5354
3289
652
5083
9442
4956
9957
7357
768
107
1954
4555
926
4673
9299
3114
7581
4828
9378
5878
3788
5447
6298
1905
6708
8276
8488
2108
9257
6573
5528
5455
3709
1771
8258
5440
7439
5935
613
2781
2481
9244
6916
2618
8738
8248
99
7296
7248
1753
9416
2705
9426
8434
9357
3365
3239
5959
511
6628
610
6739
3330
7637
3190
9630
2922
3705
897
2019
5069
7266
3041
2423
5650
9767
210
2588
4993
1253
4338
4321
4650
3088
8249
2035
1223
829
7866
4997
460
463
1081
1408
287
140
6519
2415
3161
5017
2883
6050
7860
3123
1161
9062
407
4555
8721
1648
4277
7914
9507
6100
378
2500
1771
9980
8442
9280
2417
1663
9419
5404
1577
7369
3946
5264
9273
6209
8295
5313
9230
5146
7
1160
7209
7028
9049
4819
5831
7037
8137
5653
6001
2728
8931
102
866
2830
4464
9954
8189
7603
327
7625
9605
7827
510
6938
67
3621
4720
6539
3817
3931
8861
8612
3678
267
9034
6125
5113
802
408
3604
3735
387
2576
1811
3410
8043
7393
5103
2112
2184
7835
6232
5070
3985
4657
7095
7997
4825
4822
8971
9970
8310
4610
115
5192
954
9400
2890
6137
2215
139
4546
6910
7424
5258
451
1874
4395
1100
4440
1565
1110
8038
5780
4139
3109
6204
7719
8093
2596
4797
8176
7686
5419
3490
2458
2961
1595
4955
3037
3417
7176
7490
3982
9357
7863
7206
7947
8788
413
7322
9242
1367
2459
4409
8409
1419
40
9274
5441
7998
1831
5299
1846
7311
9120
2673
5628
4605
4822
1236
1126
8326
766
5221
40
1515
6533
1643
6076
2064
6791
5193
7265
3998
3415
7336
4550
2274
1088
430
2193
2856
5451
1380
5084
7160
1404
4178
6009
4391
5087
1013
6823
7633
7884
1951
2518
5362
8426
8133
2549
2906
2547
9448
4036
6871
2691
473
9417
3364
3656
6673
2855
7471
4044
5906
107
7397
1333
9039
4706
4061
3083
2765
7580
4948
6332
3397
5808
5112
5187
2528
5302
275
9548
9217
7336
271
4674
9743
3282
8847
7150
9114
9446
8144
2736
5818
4329
330
8689
1197
8177
8950
5886
9927
6021
1699
138
6844
2063
5716
5239
9553
7427
5911
7367
3541
9146
3190
1494
4631
3337
5211
5777
2107
5589
8697
6225
1595
80
6304
3126
8978
5604
918
3920
2299
5491
5512
2789
4647
3899
4358
2336
7784
5433
3015
7758
1070
6630
7832
7945
3482
3533
5759
1279
2678
974
2491
2661
4670
8987
4381
8232
5178
5527
940
7759
7933
7271
9113
4910
6046
8734
31
5053
1849
3111
1689
1988
6592
5765
2853
1020
2426
935
4313
4200
6787
7756
9459
9899
547
7873
7675
7033
5766
2259
9135
672
8597
2622
2583
6270
1474
227
2339
7964
7189
5070
8287
392
7103
9465
6038
3707
1789
1502
8322
7918
9678
5926
8018
3835
1792
441
7716
4735
5582
6309
5137
3768
6991
5915
8817
4059
8883
269
9235
7029
506
7876
8359
3221
327
3596
9688
3599
5410
8608
9875
2341
7736
950
828
5042
5178
122
455
9969
2950
3722
7940
1395
6576
2325
2261
6888
2964
4206
983
2390
7551
7594
3091
7844
7978
8044
4344
8715
2374
2087
6738
9434
235
2395
2632
5235
7404
8344
1201
8872
1500
4131
7269
768
6738
5852
8481
2652
9031
5116
8114
475
749
7539
9864
2593
16
3901
1980
7813
741
2633
8926
2624
5221
2229
172
3406
3423
249
172
1322
4332
2970
9347
6689
2121
4292
2373
7084
4242
6570
3081
5134
2894
3523
6409
8692
1840
1787
5702
4991
2620
2277
4190
3023
8267
2416
2237
2917
730
3286
4116
708
8371
2624
7641
4573
5631
7360
8299
6427
2943
8679
5740
7401
8371
8960
5973
2100
7174
5451
2447
2281
6894
89
5393
6153
6213
2543
7092
3001
2693
6298
6031
6535
309
1076
1857
1137
802
7667
8445
6113
9691
4371
740
2671
6643
1703
5081
5198
4591
4774
2399
8008
5542
2582
1141
59
4900
6832
8205
2256
7622
4280
1284
9246
5487
5257
8136
4768
1717
144
864
1832
4853
7748
4275
4678
746
8622
385
710
1111
9577
4340
1251
5729
2656
5633
3727
1809
6595
1594
5290
8762
1752
9445
7879
3604
7841
3566
6314
127
3310
656
798
7798
8885
8207
7027
8274
9922
3007
2124
2228
1706
9091
695
3734
7515
5978
6681
6221
7776
4930
1593
8036
8282
5964
7187
5632
1857
4272
3494
6444
6308
5544
6249
6280
1552
7915
6737
3330
1913
5628
9321
395
7934
2311
1867
6749
3862
6578
1944
7405
4729
2926
3979
1581
3899
857
4461
6717
9594
4056
1115
2096
6731
170
1618
2718
5806
8132
2321
330
6610
8282
483
9955
268
8912
3433
4303
9584
3283
7235
5428
6600
3290
7500
8019
7649
619
2863
927
6906
2425
816
308
4140
4854
1060
6132
854
7087
4556
8056
8494
6002
1738
953
1331
9017
7510
9264
7866
9320
325
6216
3012
4361
901
3270
6164
7286
7932
5853
8187
3057
176
3296
489
4793
7731
6648
6476
5703
6610
666
749
8774
163
6390
6228
2217
2103
9949
3287
8760
5759
3376
6998
3071
2690
4585
8687
1926
1501
8016
37
3371
438
3672
5832
5747
3031
2765
3076
3384
8925
3486
9989
1348
2626
6382
4495
82
1755
560
8376
5076
5119
9646
9949
5889
5874
4882
8493
1809
8270
2756
9857
6382
3062
5265
3066
7130
3950
2929
9704
8532
3090
6403
222
5545
5521
470
3172
7674
3093
1686
5844
9303
2362
5770
8822
6859
9720
4630
599
9953
7469
5541
923
7051
4184
8717
2471
7025
9345
1862
5434
5845
4349
3045
7771
2274
6777
1881
883
1720
2967
4269
6896
2281
3421
7107
5829
4671
4134
9636
5208
2674
2728
8472
8315
2648
5252
8411
9006
4420
9902
7909
9380
1190
6526
7943
479
3886
6010
19
5211
6906
4383
3296
4414
1896
7068
8266
843
8513
5804
3131
2940
9384
6411
1416
1717
918
2976
1347
8622
5018
3664
4152
9133
9335
7935
6328
5841
6254
4890
8925
9474
9415
8546
4951
2423
6722
8507
2839
434
312
8970
2393
6030
791
8970
7330
5318
4887
4413
4849
7294
6499
3919
1295
5230
7197
3121
2788
9513
8269
2476
8311
1488
1924
1590
9377
1545
171
8608
3352
2771
1282
9154
9012
7283
7812
6110
1768
9719
6636
734
7986
2358
6235
4687
6143
8896
5234
979
6179
8415
3095
4544
1622
9607
2468
7765
8198
6725
1861
4840
5833
1061
6978
1084
5612
3402
3461
8261
1136
1241
4135
8795
6093
5261
8944
881
8333
7646
2178
5959
5371
2470
3592
2769
1908
1288
9095
9332
4042
469
4707
5036
3789
2573
7509
9491
6462
1854
4528
5320
1845
6355
5786
8642
3652
1864
9027
6000
122
703
6604
5796
3913
1844
3714
3423
1719
6201
1084
7704
2993
8428
8433
8953
6256
9443
7256
5529
7482
6562
2848
6473
2867
6548
6799
1170
908
8895
5315
3697
7454
3707
8718
9957
6133
656
6950
7640
1170
9138
1638
2850
2527
9719
5834
9039
5242
538
8443
9983
6458
4947
7889
8916
8482
4909
7810
7396
7038
600
6831
4717
7588
7137
5511
8908
9179
5786
6869
7952
8828
5533
4049
4738
634
2587
6716
7451
335
4798
3227
9965
5125
1184
7700
4550
5486
9020
9036
6891
3737
6451
758
5112
3661
1473
8121
947
3498
5694
1316
4201
1027
1236
9875
6758
9199
4378
5392
1349
4018
7988
1355
9975
4055
4447
2091
6828
308
7339
8234
6432
5093
9538
4726
6695
6623
6892
2112
361
6614
3063
4544
9299
2648
9869
5717
2111
4643
9704
1929
7402
8656
4835
4221
8918
6135
6011
3661
1182
1412
1339
1082
4075
47
2319
1040
3867
5941
8048
6657
1163
9992
7835
2408
7762
3100
7665
7582
1774
9505
1391
244
7774
4871
1520
4473
833
4370
2256
6274
1575
1288
7377
2054
9567
5969
5875
9224
4490
9834
3188
6773
5087
6616
8822
1912
3079
5490
5163
569
2564
1352
4891
4704
6158
9921
697
9381
9244
9779
2015
477
9009
2226
4315
9573
8914
7365
8625
760
6512
1777
4990
7003
8329
920
2347
2475
9761
9065
4393
1579
134
4677
1941
7686
6538
2460
5250
9385
4222
3277
648
8614
3166
4672
3709
2930
8364
2318
4928
4497
1865
4179
9849
2172
1419
2850
878
644
5543
5830
4599
4107
48
880
2127
6077
5996
2224
8852
328
2968
968
2744
3022
3062
4787
4734
6336
1257
9972
6126
6243
6925
1620
9538
8046
7561
7762
8445
1847
1786
6572
6098
5205
6216
9133
2826
1076
4848
2316
914
7752
1661
4277
2255
358
4010
3787
6579
4045
2310
5462
9952
1231
5513
9898
2119
6136
8943
5223
9188
4070
4994
7447
544
2284
3243
6670
1110
5715
4721
6601
7986
6429
5298
6176
7457
586
4708
6766
758
8433
5108
3147
1007
7436
4315
9230
2503
281
1535
2864
9496
4535
8175
7579
3828
3828
3373
4143
3879
2796
2611
271
5171
1470
1823
1475
8063
8858
1237
5480
7962
6747
4188
9460
3871
6585
3286
8193
556
8933
2422
7562
7555
6645
747
6013
7280
7471
5237
4108
9403
9117
8683
3889
8506
6509
135
9463
8536
4570
9860
3102
7816
8622
7921
7825
1507
5580
3744
2320
3291
8
7863
2263
4707
9854
7352
5222
5187
5926
1257
3259
4567
1001
9974
1784
6820
7009
6842
2451
510
9374
2984
4090
7936
1706
2382
9969
3477
3260
4476
4063
6727
8637
8115
8241
9747
591
1137
5373
6934
5386
9375
7724
7391
4611
3767
8664
9996
507
8857
9666
6851
8896
2646
7422
3701
9786
2370
7235
2802
4861
3445
8263
1182
6343
5865
781
3016
5489
2618
7353
7079
6196
4893
5741
5
8371
1339
2701
8654
1247
5133
8758
6887
3724
2061
2217
9041
8842
430
9184
8148
4191
1945
5560
9002
6655
2510
2730
8217
8312
706
3841
1855
7104
4161
224
4450
4247
7125
6258
3526
8504
8754
2653
7478
5835
9734
4169
1561
276
9053
6147
8796
3753
5506
6806
2941
8507
9614
7639
1618
5896
5475
6358
6898
6101
7509
1260
9639
3276
8523
2617
4912
11
5682
8243
6025
7145
3257
2047
9158
4685
9313
1279
1661
6827
6238
3596
4940
906
4579
942
1079
8536
3408
8326
2073
6376
3377
523
7246
8808
1229
9132
2336
3201
8514
7035
9449
27
6997
8044
7308
9132
123
1381
1244
4555
5719
1439
5697
434
104
3122
7133
801
8970
5848
7755
9091
9759
5772
6162
3975
1996
8656
4867
8303
8308
8614
7579
4640
9379
3719
2451
9693
3689
6199
1313
9267
4306
5428
7969
1466
7017
4698
5290
169
50
1470
7115
3635
9770
8586
3351
2214
5704
3286
380
3604
831
136
6938
9911
957
2861
4225
7261
9863
7507
3932
2447
9923
8201
4971
2047
4478
2381
4120
8358
1829
3098
5836
8513
7613
1823
3320
5499
5798
6387
8652
7595
9586
7964
1101
2182
5094
1188
2958
5118
6355
6180
2312
2635
8175
1509
1613
6519
671
3796
3560
7619
198
6306
679
3999
2963
7196
5330
1770
5792
9703
4566
970
3135
3973
9036
5436
1880
6562
2203
3496
4506
9515
6199
2719
2755
9835
5124
4895
1936
3940
3187
6384
26
8654
3143
8982
9573
5747
225
3022
3067
4259
8400
8785
6579
5114
1930
9583
5484
7240
3627
541
2194
3069
7555
8607
3808
3526
249
1867
4057
9562
4791
9251
5146
2469
8802
9274
4310
6102
7485
4149
6318
5273
8387
7391
4608
6352
1949
3396
5078
2198
6584
8825
4332
2822
2840
9758
3785
5820
7100
2542
3552
3463
1837
632
7221
3681
8147
2698
2763
8969
8059
4599
9053
5831
8971
587
6081
8842
7815
5231
4390
5769
3764
8342
2848
2271
6494
7596
5488
8020
157
281
1645
7508
6367
5267
2968
6211
3827
7303
1594
6017
4109
1625
776
311
8805
7948
5253
8108
4230
6050
7974
305
1163
4557
7415
6231
946
311
5638
1817
8683
760
758
7961
2634
9639
885
4124
2201
413
3666
7194
4924
842
3213
5448
4150
3888
4666
2409
6496
975
5695
4203
4457
9102
9027
979
5074
8841
2726
393
1864
8749
6096
2456
949
3494
255
5863
7443
1374
2385
3199
5138
6881
948
1982
1177
5680
6054
8693
1823
2890
4094
9288
5033
1166
6255
1797
4302
8168
1281
9261
9622
2272
2657
3616
9853
1465
1591
1065
3216
9425
2879
1184
7181
1317
3370
841
9638
6666
2250
6068
1524
7931
9648
36
1498
8890
6035
1788
6277
5837
7769
2969
2919
9233
3012
61
9990
2202
8979
3495
3970
2357
4026
3897
1990
6737
581
631
9418
7996
8967
4359
7016
3
2580
5842
5755
2633
1917
7171
1753
687
921
2935
3549
3854
9151
6578
9058
5096
1451
8427
1556
8952
1017
3185
1937
7829
1645
6366
6006
7478
5029
7092
3288
3530
2695
5954
9620
9813
1779
8917
2949
2375
7769
9135
6682
2533
1798
7465
3269
4734
6288
4017
2121
3458
7091
7055
2426
8421
2260
8110
5758
8072
3903
304
9636
116
2494
2173
9900
952
1220
9246
5347
8755
3141
3296
5218
9166
2094
803
2218
6325
7099
4226
4486
5713
9862
27
9770
7137
4828
1796
7227
2492
2625
7635
6743
2674
5121
8114
9917
7509
1493
6811
2798
9323
4468
4448
2989
4968
7013
3068
9954
8150
7596
44
9104
9208
7359
2564
3436
4477
7735
9466
2118
7770
5270
1691
2390
768
7122
5755
6784
4183
8472
1360
8040
8213
5183
2240
5622
6101
5834
7974
4680
3863
3564
6158
7891
6881
8794
7826
5165
9985
1351
8775
3805
7984
1634
4102
9928
2957
9364
6635
9887
6409
2086
4358
8806
5366
2083
6737
9015
8040
4375
3256
4514
5775
8854
931
9138
5921
1545
4207
7236
8932
4079
5976
8133
3084
2684
4367
1568
8557
6563
5533
9743
5018
5040
4553
8380
9681
3185
806
1372
6595
6654
6793
2883
2287
3988
3127
3501
897
6625
9751
3066
4597
3611
3064
8513
3361
642
7931
126
2415
6068
2283
1460
3850
6921
9186
9056
1393
4363
4963
3261
1606
7884
3430
7261
1487
4744
3033
2223
6613
7792
9956
3806
8883
8813
3264
9757
7780
1902
1754
2984
7354
9729
1650
3632
8503
8329
4234
4736
6537
4467
1589
2500
5373
764
6210
9210
8654
1609
9464
4887
3141
2206
129
8590
1383
3133
8918
4433
5314
4649
7250
5111
9959
9165
3689
457
8483
6030
3366
4607
154
6190
5882
3349
8868
9314
5357
8028
8201
2904
7296
6979
3017
182
5708
5041
5941
5176
3526
6011
926
6990
8695
6634
4991
95
699
233
2116
7538
7184
1103
7174
3142
6921
2288
3188
1733
4209
9761
4224
4711
8914
6489
1743
2222
7759
9183
7215
8419
7079
7592
1576
5847
919
2216
5597
2957
4781
6016
2744
9372
6176
6517
3966
9685
8457
6357
3452
7977
9077
8383
6812
2744
3868
1401
6811
2392
9890
9843
2295
8749
7943
8964
1260
6513
4500
8991
6919
1729
7377
5093
1591
3119
2867
4069
8001
494
3400
4956
2196
1116
9175
9193
6388
7946
1463
9726
8856
2219
2258
1056
5913
8078
3193
3547
57
7611
5947
7619
1727
9153
3675
2292
756
4031
2859
3242
9002
4378
1248
4312
4497
9054
437
1810
5385
3101
9447
1911
3127
9498
2737
7702
1044
7910
9272
5404
3958
9854
4967
1208
6421
9211
7028
6148
8120
4736
881
8722
4550
1142
6174
8884
9294
538
5750
541
3432
2359
8838
8354
8771
7877
8685
7879
3245
2135
3840
6244
3391
3630
837
8264
9709
9499
2438
1070
5769
4426
6520
4177
7893
254
6310
2488
6028
9158
9487
7376
778
6870
4385
2955
9979
6240
7347
5221
4798
4842
4972
1951
5483
5664
3950
685
1415
9763
5438
9147
7166
419
3322
8368
4801
2074
7364
1855
493
4421
6765
1499
8482
449
4149
6814
1162
2929
4755
9982
6491
5629
7261
3096
6165
2457
9902
7603
953
7425
5457
1765
8092
4124
7262
1835
8255
689
5041
6823
9126
9038
566
3129
4311
576
6994
1653
7864
1349
8018
4538
295
871
4998
43
4953
1038
2121
4418
2978
6517
2930
237
5656
2404
702
4345
2836
643
1631
47
8219
6338
3559
8119
9006
7362
3922
9702
190
6033
440
8944
4815
1660
1871
1245
300
8648
4753
3914
2219
1173
4030
2547
5124
3243
1617
1102
5871
9135
9706
7366
2802
1017
2379
4334
6115
705
6279
4572
587
4687
5826
8124
4097
2870
3854
8057
6495
3863
7474
1524
8248
4467
8596
307
3683
8524
3096
495
136
9945
1134
7634
23
2601
3953
6227
1754
7791
660
3286
4748
6514
1001
5997
4831
4162
3853
3529
2955
2048
3101
2960
5515
9849
4183
5887
3113
3061
3417
3538
162
7199
4942
6580
6757
7186
8581
7821
2758
4361
9477
4182
6611
5175
2269
9311
8650
4327
3923
4297
5114
75
5160
936
9448
9844
7466
6524
6425
6872
6844
5077
7059
6077
3968
9769
2456
9390
3147
9765
169
605
6929
5363
2737
9235
3133
3603
8062
9105
6244
9895
7865
756
8176
7291
2710
4756
8400
7376
5162
5942
7772
6011
4282
9934
6474
8599
2124
8550
1867
1753
7519
6481
9361
7172
3593
542
696
6824
9603
5879
8997
7541
3622
3212
9660
8257
8561
3439
9185
573
8744
5595
1368
8661
6425
5040
2018
3164
3360
2630
6993
8499
3749
496
9888
1338
6264
1422
9226
1589
1497
622
581
9418
5996
8037
5752
8415
9529
7395
2795
1645
1194
9560
9785
2355
6611
5724
6647
9502
4599
2929
3084
1506
4547
3283
4482
1259
759
1099
6358
7667
3613
916
3781
9112
9038
1478
513
8718
2806
2121
5242
8087
8350
1238
7772
5253
5199
4211
7762
8956
2604
8961
4122
2273
2926
9500
9052
3581
6612
1305
2035
5110
9731
8660
6981
8709
65
1545
7725
3959
9320
1213
8095
8686
4552
1531
7192
1946
5887
7793
8132
4246
1246
7523
7368
5591
3720
941
1948
6043
9185
5956
228
9155
1561
2542
4323
3546
2770
6864
4157
1999
7478
6546
6848
7949
8985
3869
8733
3241
9566
9095
251
9604
830
9904
5304
6528
9138
7124
7762
2261
7322
5680
9576
9915
4725
8099
906
5505
7193
3111
7207
6273
5520
6774
7913
9040
9379
2627
2868
1854
6713
8600
1259
4478
8989
3494
4215
9902
2181
3509
7358
1090
9955
1857
6027
2898
2696
5665
11
1552
3917
7831
6482
8815
4503
590
5801
1843
4777
9853
3338
552
9441
703
5591
4883
9904
9264
4946
2395
3961
1596
5479
7984
1619
8373
4107
2937
9745
8351
9679
7577
3131
1630
482
5263
1806
5535
251
898
8827
1299
8003
8732
6928
8445
9244
9130
2434
6739
1134
6937
8772
8043
2317
4252
4186
9941
6879
112
7544
6519
10
8156
8843
2880
6872
3826
2387
7955
4751
2075
6345
1589
7566
1395
4167
4600
7124
8262
4041
3545
8210
7137
1030
2380
3703
1406
1348
4084
8658
3149
2243
1273
4220
8650
2571
1833
1941
8010
2505
9037
683
578
1063
7552
8795
8594
8533
2192
4319
5822
4127
15
5013
3098
1099
602
4466
7966
4354
5230
1189
7561
4223
7131
3596
5055
9069
5245
8470
3662
8088
7566
2325
5357
4316
7994
9617
7585
973
9687
5938
4603
5034
5508
5419
5587
8354
2182
8729
8097
4623
2280
9736
5771
4757
916
8634
8168
7939
7985
1444
4884
2005
7850
2019
6417
2427
8172
87
9125
6586
1701
8511
5479
3497
9233
1964
7156
7771
8060
8356
9967
4075
5593
9739
4868
7497
2780
5005
1318
6481
5030
9574
9435
4051
2088
3493
6443
6804
1152
7754
6387
7507
733
5786
5634
6591
1188
248
2085
1119
2581
8886
8376
5091
848
5467
9969
9155
4158
5090
7325
4411
998
1080
3607
6659
4264
4029
208
2678
5907
9440
6747
458
9223
6297
7013
4656
6636
6572
5167
2981
1026
7502
4676
7801
435
459
7267
5878
8734
8010
7461
6150
9142
7049
425
4202
7035
5338
3344
7334
4549
7179
2679
2019
2876
9422
406
4858
6630
3090
1990
4301
3651
2726
8851
7928
7268
8575
5095
4849
5144
523
408
7024
6434
5587
1698
4506
1178
4636
6387
1241
5780
6375
2273
1048
7367
5847
7623
7551
5951
2459
996
8267
7045
8587
4228
5797
7239
6414
4283
4019
323
3167
6388
8644
5400
4035
8239
7297
6999
1522
8638
7819
5527
3745
202
9971
7712
5277
4379
9779
9511
2096
1623
4194
8929
4302
9640
3101
3477
4567
4622
4720
5390
569
6345
8882
704
6846
588
9072
8798
6179
9745
7033
1104
5589
659
3515
8716
1256
698
1307
8951
1388
6626
9329
7056
7032
6151
3086
1710
3894
2894
3880
7073
7887
4434
2516
8264
9650
7458
5727
9214
428
5456
4811
4097
8150
3086
2438
5513
6882
8171
5079
7468
557
1090
3415
5910
6904
9925
2617
8558
2582
3042
4427
1707
6538
2468
8422
7086
6573
5247
7161
2988
4774
8505
596
4051
7276
7711
4464
604
475
2268
1328
6023
5179
8416
8510
9896
5504
7053
9772
2748
8674
2225
3360
1781
3545
5984
5144
9045
8865
3931
2078
8654
3270
7069
2809
626
5783
4412
2531
4383
4217
294
1075
9051
9685
124
1214
7246
7461
9634
8116
7632
5300
2428
7913
4060
9251
6910
9855
2898
522
3852
3024
7593
584
3358
3128
8354
9242
466
4418
8390
8550
6160
8897
4426
6413
5539
1281
5077
9344
9449
6244
414
36
6323
7282
6688
5792
6679
7628
4397
3169
1220
8008
6571
4400
1256
5903
4940
4384
367
7899
34
5903
178
4967
7126
4611
7155
1990
9649
6223
6338
7245
4811
4032
6238
4359
660
5626
608
3244
366
2817
2678
218
756
46
2734
9236
3495
5448
1592
1476
6616
5197
4975
2602
2597
4860
9408
5388
8321
471
7357
7970
3589
809
156
3591
8340
5315
7179
9994
1886
2673
8329
8228
4582
6520
4575
4336
9363
3619
2288
6476
8997
6546
9701
2394
6586
2073
1623
7931
3462
835
5944
1769
8746
3677
2746
866
9021
1362
1635
9363
7711
6674
4347
963
6128
2096
2940
5835
382
5441
4648
9122
3906
1170
9784
2429
9757
2459
5897
9943
6876
4044
9291
1510
7147
615
2273
7630
1982
1062
1928
7181
6879
6768
6282
4266
6191
6393
7025
6400
7423
8523
7782
7957
4626
2101
2365
517
4468
4749
9854
7368
7189
5136
5557
8883
3279
4888
488
2641
9214
6722
229
218
7728
9159
6334
5684
4674
500
8069
5002
4184
3222
4286
3290
2571
6942
6774
4618
4808
7129
9304
9521
8911
7037
8987
1658
3598
3948
822
6570
6130
7792
7652
9510
1865
1998
8978
4867
2927
5552
3695
1195
878
6022
1236
2064
2045
233
1801
5838
9418
7216
2275
6279
605
8186
8744
880
7933
4799
8129
5818
138
1229
5249
6486
6113
5508
2218
3317
5443
6506
149
546
2011
7640
704
931
422
6747
81
4420
1458
1023
5340
4144
5465
2959
4230
3181
2772
2443
206
4005
787
1839
1501
7236
8968
6191
5309
5541
8049
2358
7833
6285
2944
6044
0
265
6875
7687
2224
911
1541
8977
6983
3458
6025
5730
3031
8349
7798
215
7950
3966
1030
2190
7337
7165
1122
9750
693
7404
1807
3297
191
6504
5800
5542
5374
7640
3343
2513
3305
2648
9114
1944
7534
6117
5494
7640
8210
8145
5124
7913
1459
3632
9026
4633
4879
7272
9373
3726
1752
1168
15
6231
206
2815
2856
8169
6523
1472
7684
6799
1454
7550
1858
2853
8923
725
4982
2037
9842
8271
1156
7416
1194
1263
3716
4386
9501
3912
5564
9945
8093
8662
3541
6827
1684
9860
2644
6957
3552
3648
9774
227
8692
2688
8902
5760
5849
968
2480
5334
4618
821
6889
6554
2451
2560
5954
2746
1208
7455
8891
7345
510
1050
7217
7020
2386
1026
7720
314
8417
6073
1475
1589
4558
6058
3754
3267
4390
7767
5751
8247
8712
1629
7206
1471
1187
5902
3167
7123
6154
7588
3725
3860
7370
4262
5059
4975
3899
1838
8802
6214
551
6353
1038
77
2120
3378
1388
5485
3300
4594
3751
6328
8545
2054
2724
2257
5926
7435
1194
4868
724
4004
5473
9267
3298
2396
8985
6430
1145
4163
4305
2397
8140
9867
3397
7304
6962
3081
2388
8426
3244
1745
9042
9999
8612
2656
6534
5963
1096
1312