446
406
218
35
365
342
494
181
113
297
362
350
17
320
97
125
155
411
120
183
59
387
173
12
125
47
287
110
438
368
226
393
289
125
313
352
113
219
18
318
249
260
236
213
4
79
379
45
482
463
120
0
303
399
401
369
354
212
211
355
345
65
396
447
155
472
32
164
310
382
59
233
34
329
233
12
126
187
108
391
230
399
145
56
324
226
377
181
426
84
287
199
100
420
115
302
142
279
412
322
361
309
297
240
350
20
69
292
15
175
393
30
253
74
51
242
174
335
64
296
328
120
200
272
365
366
385
175
96
462
93
490
0
253
205
382
292
165
403
372
135
306
366
258
125
466
65
263
5
229
212
419
300
63
13
86
442
267
234
440
83
288
194
109
297
434
279
132
476
484
464
117
318
79
182
263
97
169
127
62
69
147
61
485
262
112
192
391
425
259
447
404
346
182
172
430
150
76
38
85
126
316
423
470
460
35
254
234
208
132
246
199
414
30
144
359
82
14
113
289
476
482
332
296
113
384
391
53
61
407
295
69
290
390
129
151
21
378
322
483
376
459
410
10
224
358
249
296
380
406
293
156
389
275
256
278
60
326
390
51
93
354
313
340
124
18
33
460
329
352
77
16
36
70
442
144
479
311
491
284
456
312
388
446
258
19
308
473
79
220
81
147
409
154
489
315
341
132
228
242
277
205
39
3
36
309
75
60
260
377
438
167
95
108
461
393
310
62
135
398
46
469
53
269
7
475
135
105
27
284
249
384
123
152
217
111
244
335
484
262
477
207
220
58
259
253
485
308
301
220
142
496
17
63
498
497
250
257
158
482
59
181
5
122
424
147
179
329
172
197
450
67
411
494
219
192
397
401
71
48
355
117
257
175
496
72
283
420
30
176
223
183
190
81
312
433
105
412
212
179
120
331
161
66
103
166
147
233
174
250
472
280
160
308
467
235
7
29
185
134
339
143
481
67
458
162
357
140
152
372
201
275
265
257
444
199
32
387
401
310
200
157
80
448
40
355
212
173
486
477
119
385
305
343
180
459
85
457
5
111
387
490
482
497
301
115
304
451
169
57
472
442
37
330
230
344
347
88
262
180
318
386
142
163
352
160
22
145
237
349
27
27
265
432
217
80
373
432
116
349
124
79
341
345
495
329
94
37
33
308
406
108
405
342
450
267
469
250
265
271
68
112
300
343
1
132
293
492
74
89
164
465
68
327
280
432
300
137
57
406
418
50
195
470
332
286
182
309
10
237
425
480
177
100
143
131
449
263
188
93
478
354
374
184
40
479
84
274
427
19
107
375
387
356
430
9
364
278
314
482
432
17
311
41
111
327
249
436
292
197
67
440
343
79
112
469
110
112
38
371
32
431
371
449
386
0
210
361
16
498
267
217
256
185
486
417
440
155
218
185
46
382
189
15
407
236
314
60
17
377
485
152
254
181
190
175
233
264
189
359
251
478
333
62
64
378
76
36
339
300
57
314
291
198
303
233
128
220
129
277
493
360
294
7
183
161
472
145
306
162
475
226
251
137
479
110
77
200
154
451
308
136
147
303
475
260
216
199
409
209
345
449
174
183
89
455
354
418
336
264
355
446
273
186
143
16
314
228
44
491
394
444
223
349
43
481
110
457
189
183
334
69
353
19
492
171
17
241
323
86
6
479
190
106
239
320
38
239
50
364
116
94
456
193
480
53
174
451
308
413
77
380
274
253
257
172
247
420
18
7
255
183
383
318
189
400
88
171
230
86
377
11
472
359
24
70
119
406
143
362
13
256
493
415
247
65
267
207
304
30
289
88
136
82
275
86
363
58
97
247
494
421
58
472
162
332
304
374
469
261
427
476
2
46
37
375
252
196
497
200
357
33
50
248
99
311
93
166
20
310
493
412
322
263
295
95
297
102
299
101
268
285
178
31
113
418
368
240
5
459
239
271
203
268
44
448
224
213
426
486
299
89
65
31
118
218
433
309
89
457
263
371
205
36
187
111
91
210
402
418
170
55
122
121
471
44
308
39
112
290
269
251
478
402
125
91
74
8
491
48
82
224
477
305
489
152
118
110
173
224
349
50
396
230
485
225
387
137
133
69
273
392
259
47
360
423
276
45
27
246
58
99
188
433
12
146
238
466
312
470
33
305
170
131
241
156
41
139
477
95
68
283
205
456
171
169
117
94
342
3
331
395
201
287
79
114
160
102
290
90
249
175
341
264
88
122
54
359
410
196
131
470
489
352
350
110
422
290
486
364
208
275
219
273
361
486
331
304
311
78
463
328
316
19
400
151
149
445
327
250
83
343
343
245
223
108
138
29
372
96
337
417
282
97
248
118
117
379
316
275
71
333
27
31
274
112
77
284
121
382
269
56
229
0
132
482
195
80
175
279
484
350
303
405
495
131
312
451
191
194
43
35
108
127
197
477
327
105
110
184
333
213
106
430
155
203
190
403
48
455
55
78
131
92
188
251
304
435
133
252
476
240
46
327
347
381
172
24
282
231
298
411
101
108
444
108
78
497
200
41
219
385
49
195
92
479
289
349
153
65
305
49
242
368
230
168
200
442
102
153
355
229
5
457
300
169
173
213
318
41
252
359
399
147
181
90
288
138
304
361
313
467
446
258
433
206
64
43
174
318
82
0
439
187
231
354
63
192
367
187
174
4
229
363
109
16
423
271
278
313
267
420
276
251
315
414
364
463
150
438
265
481
460
248
298
470
272
369
277
399
277
160
14
97
383
255
88
392
195
401
299
25
4
162
131
489
459
442
28
426
354
41
459
296
496
275
335
20
24
7
391
176
407
81
151
380
299
281
101
139
133
498
459
105
213
458
150
179
340
350
21
123
443
118
65
358
434
271
399
327
215
8
108
370
477
18
37
189
355
150
204
14
89
464
41
465
420
418
432
215
401
34
149
467
248
95
154
388
2
49
173
155
173
348
157
222
118
195
263
173
300
45
244
4
131
56
434
258
487
152
370
452
498
242
291
341
399
173
48
68
340
309
286
383
291
275
22
435
484
420
62
23
250
185
58
490
7
149
469
19
105
277
307
175
275
341
301
13
427
56
131
244
341
102
6
131
59
236
478
373
138
352
109
12
82
257
5
278
218
473
350
24
298
109
184
95
288
89
140
492
392
416
8
224
75
138
472
135
35
220
326
328
397
308
149
454
306
419
6
106
210
142
459
397
458
4
428
84
309
324
407
364
222
197
379
439
100
403
268
372
409
184
157
21
255
456
174
211
268
365
468
442
112
394
10
39
5
17
493
478
326
275
147
300
445
42
127
285
186
346
352
165
171
49
284
367
193
316
475
187
142
491
92
108
73
315
199
161
263
245
120
238
44
289
239
473
117
137
233
122
286
499
49
150
407
282
78
443
371
296
324
132
438
467
334
162
384
113
327
288
316
217
275
91
113
68
8
141
198
132
432
399
105
478
402
472
3
46
204
19
202
423
99
308
262
464
173
320
356
118
334
255
420
266
286
353
170
198
185
371
444
148
217
98
490
55
52
122
246
276
314
297
8
310
81
54
20
317
149
456
483
8
335
442
360
431
164
73
32
120
339
7
443
344
103
294
344
121
286
136
219
145
83
405
367
225
197
23
251
207
291
180
204
121
51
273
250
483
18
226
229
126
18
242
384
350
399
288
449
421
62
362
108
293
479
397
301
288
45
410
59
246
151
455
210
143
181
485
307
465
407
180
47
432
337
275
285
28
169
46
104
283
248
157
392
132
227
491
52
471
329
187
112
50
73
14
143
79
494
393
116
390
488
36
412
34
393
155
268
247
36
495
21
495
50
260
455
41
111
367
306
133
430
175
214
238
423
444
54
124
433
321
55
42
137
17
42
387
349
436
283
379
76
188
396
356
417
384
209
442
135
363
469
488
404
4
465
399
60
297
15
60
351
174
338
173
253
347
296
496
314
24
80
228
231
140
409
92
335
356
434
185
129
249
160
134
142
49
297
126
130
285
314
285
240
435
43
3
333
375
18
253
303
98
309
442
122
63
420
45
304
48
242
127
148
488
215
292
248
295
278
13
341
353
383
284
231
96
316
59
288
375
36
438
205
419
384
296
472
25
5
412
124
340
42
164
302
205
150
498
164
276
4
392
391
32
175
233
132
230
132
302
127
90
90
183
316
22
120
411
219
131
188
9
38
229
412
124
227
219
233
211
271
299
172
333
229
123
356
356
124
451
67
464
113
417
440
203
71
23
397
339
95
340
14
272
198
486
425
374
48
10
412
244
96
252
344
138
370
48
7
265
295
458
296
13
267
418
26
408
83
315
390
368
393
41
401
488
129
427
290
483
449
254
119
494
301
336
149
117
347
197
192
227
373
452
25
153
168
152
468
252
67
369
181
326
125
84
290
334
31
449
313
291
137
324
234
279
190
26
280
80
419
118
460
59
492
255
129
360
153
268
406
348
184
469
377
8
94
251
70
339
475
491
100
374
309
483
85
3
244
378
295
308
204
286
37
233
199
426
476
41
46
144
160
159
465
175
455
179
397
482
75
417
174
37
353
44
489
192
252
424
315
225
88
84
238
104
137
341
408
374
339
145
498
358
499
3
351
360
221
375
117
143
127
68
51
384
110
349
151
337
496
453
430
246
382
430
190
443
151
95
211
49
52
124
150
110
441
350
421
475
316
136
399
300
225
218
99
407
274
108
102
4
23
85
222
397
464
100
412
60
222
58
74
449
52
130
201
330
187
257
164
480
444
202
374
444
352
69
21
490
44
342
168
437
27
473
266
179
492
123
83
413
408
416
366
150
71
318
72
344
154
168
440
452
445
84
467
496
210
18
358
98
222
343
166
306
414
317
11
170
185
495
372
118
284
239
138
3
210
350
242
172
205
147
320
206
188
264
162
267
178
313
362
6
207
139
471
481
42
8
313
497
131
216
6
253
338
415
307
440
167
120
216
28
187
74
445
407
175
260
126
69
388
286
388
34
463
261
216
258
481
24
167
325
446
253
202
292
42
258
168
169
440
29
22
290
398
20
398
261
208
25
392
339
152
425
236
46
286
443
288
91
253
459
245
404
382
80
235
402
316
163
223
479
123
445
175
493
117
374
172
22
221
319
211
475
498
301
44
487
340
455
368
366
361
262
324
25
291
439
370
216
64
413
312
201
182
7
20
406
303
412
398
22
180
65
128
40
170
143
121
344
353
38
427
198
257
37
124
257
285
275
163
220
370
145
220
211
376
325
120
420
134
30
313
367
416
497
210
19
128
31
226
150
154
436
194
328
341
204
468
14
381
304
193
404
34
347
103
465
64
241
99
391
269
476
365
247
93
313
282
330
280
129
181
247
365
360
153
191
497
339
125
258
157
209
65
148
108
431
292
464
440
372
107
372
48
117
105
357
474
182
227
84
19
257
22
293
479
296
79
151
57
369
234
225
26
180
370
27
57
356
224
251
27
302
46
37
295
443
262
278
121
312
418
89
183
86
158
488
357
462
273
0
69
111
308
497
1
175
297
277
59
8
10
183
217
386
344
29
282
328
471
329
461
378
251
278
293
178
137
342
117
47
290
227
29
197
71
436
424
319
485
62
47
85
439
427
198
414
222
181
498
233
205
374
254
62
181
46
122
175
182
181
285
11
15
247
185
451
350
446
437
312
403
279
366
212
135
195
258
248
388
223
145
5
147
161
92
474
385
217
388
110
122
337
411
282
15
137
198
245
381
9
82
285
239
447
342
61
433
11
285
417
341
346
144
346
122
411
399
71
134
312
29
367
496
24
453
59
223
399
210
106
310
423
201
412
8
14
21
496
5
444
231
489
142
134
328
74
325
459
432
473
385
242
196
217
449
432
394
12
22
235
314
147
150
492
465
331
214
161
394
196
468
373
381
0
338
136
315
398
129
382
313
72
189
115
220
285
264
132
317
311
357
41
319
404
96
134
145
419
387
423
168
462
78
491
153
490
466
327
139
378
10
370
463
495
87
236
187
84
402
437
408
97
464
103
283
229
478
47
347
288
344
104
269
250
230
32
228
234
157
75
278
194
155
393
171
375
143
336
92
440
231
238
450
282
298
407
144
362
36
202
274
322
432
96
68
332
229
46
423
281
264
481
234
378
357
463
19
313
212
39
451
373
454
239
255
245
108
365
125
394
383
420
426
140
481
292
153
136
251
125
152
379
199
36
418
81
47
438
461
410
175
433
192
453
256
457
271
408
469
83
361
75
39
64
171
64
151
243
364
441
414
171
361
12
129
428
457
112
370
188
279
277
167
303
227
402
424
414
10
121
142
63
242
199
199
42
477
220
323
394
417
149
213
402
128
472
210
273
465
363
37
393
323
257
81
56
184
66
387
484
352
9
483
36
335
255
431
74
109
437
437
420
48
10
10
310
99
214
464
348
233
78
205
311
76
429
136
65
139
371
248
351
474
432
67
359
424
47
445
425
197
279
188
389
209
165
114
1
249
235
324
393
37
389
438
248
317
110
273
396
116
402
484
206
150
485
298
351
9
34
122
170
438
81
296
333
33
374
472
57
422
499
93
306
101
315
403
51
392
120
259
280
392
326
478
89
489
38
301
28
74
261
489
197
128
149
275
445
134
248
405
173
258
242
21
417
133
194
445
381
48
15
315
102
153
201
291
84
200
425
28
30
247
393
440
207
128
289
123
344
77
253
408
90
265
168
456
481
21
284
83
441
293
355
489
216
108
201
87
320
321
451
382
230
444
212
47
175
432
46
168
78
375
7
350
91
247
216
199
218
369
430
174
15
39
435
352
133
342
355
473
236
226
228
364
159
493
158
23
389
66
236
459
124
290
483
42
236
376
100
110
205
34
327
285
431
494
289
233
61
493
311
394
316
117
32
461
10
207
489
256
218
421
338
67
153
268
5
133
201
424
498
340
285
14
61
89
294
466
451
215
369
347
337
5
357
32
446
418
437
344
348
469
305
220
178
393
265
199
284
215
439
191
95
261
159
62
370
165
55
327
425
175
120
170
88
335
234
106
256
307
258
382
498
99
374
289
242
325
221
497
386
19
445
381
42
75
257
147
275
234
443
50
221
280
38
216
306
284
331
306
16
419
217
11
56
185
426
479
59
238
476
449
261
418
28
494
265
200
405
183
256
460
264
473
118
455
43
380
349
463
380
166
19
338
20
141
26
212
40
46
357
105
414
131
178
191
306
363
154
384
123
304
73
110
336
233
95
148
484
346
466
88
122
353
257
174
233
90
263
231
340
310
404
117
79
298
97
259
445
418
374
132
125
88
178
361
91
299
405
62
404
210
257
248
412
63
261
324
187
468
245
43
494
155
400
259
480
156
294
181
421
461
325
435
289
333
338
296
235
5
0
194
472
52
209
11
347
128
301
179
339
294
66
284
483
333
120
271
285
124
164
194
252
282
107
347
150
318
210
372
254
485
140
63
355
132
164
12
370
176
147
184
72
71
443
265
366
392
237
220
88
106
493
406
40
383
128
441
477
235
70
488
212
6
248
482
345
230
44
332
469
203
4
278
466
217
212
403
480
16
231
126
415
187
415
100
160
487
227
283
161
296
46
149
19
131
326
482
466
270
466
422
176
2
116
187
298
167
61
325
203
453
318
338
485
433
187
396
301
489
18
33
58
393
422
35
61
26
304
192
99
196
326
179
104
499
498
431
235
305
66
264
265
247
181
192
178
129
184
164
230
47
347
35
220
98
297
197
337
418
119
423
391
364
479
335
372
187
332
252
409
463
386
359
402
115
278
315
71
239
404
337
491
488
66
459
324
271
161
132
124
439
211
353
347
347
63
297
216
355
104
215
112
421
338
159
197
263
495
92
167
212
461
262
173
400
265
4
9
416
120
439
9
213
255
107
433
235
404
149
113
193
271
146
333
443
322
120
242
73
297
199
362
210
325
225
210
239
267
352
112
21
403
127
392
268
433
143
47
498
379
348
154
191
257
125
451
10
394
301
209
415
80
102
53
79
314
386
49
61
131
15
360
290
125
111
217
196
123
405
281
390
288
490
207
435
26
292
78
280
426
438
351
103
244
492
259
145
440
278
479
218
422
227
177
376
452
216
9
421
14
360
349
313
15
311
417
347
241
6
451
166
213
445
426
208
460
347
196
222
229
109
302
198
440
9
451
145
470
405
31
467
226
37
201
417
332
257
43
410
108
455
305
493
368
335
277
401
101
476
277
32
164
226
433
18
257
412
427
450
156
15
432
155
419
184
213
304
94
347
353
243
261
48
233
103
159
303
285
224
311
370
305
285
276
153
28
96
376
41
80
324
34
58
366
207
452
108
151
57
314
39
428
496
109
289
57
254
438
178
148
280
470
118
280
172
22
288
324
113
343
459
82
245
52
453
303
376
191
141
249
172
356
433
427
184
331
133
495
416
445
435
373
237
426
295
167
297
442
397
136
154
168
52
230
215
474
493
291
283
38
372
166
397
204
270
18
423
309
329
494
47
307
452
13
131
299
2
321
248
195
460
56
97
136
196
15
145
255
377
116
342
62
181
455
196
193
466
485
393
157
184
359
318
202
249
163
330
212
130
294
365
63
62
221
424
499
96
161
163
400
214
220
107
370
435
399
445
49
40
121
106
33
495
125
80
264
24
499
266
222
328
30
132
176
426
114
178
244
408
16
380
301
251
247
192
308
331
442
40
346
189
297
174
291
81
256
403
410
306
241
7
193
268
474
17
91
221
495
38
365
115
357
90
238
377
455
47
222
284
188
289
281
16
394
274
291
55
145
70
480
110
154
381
189
413
425
472
144
219
401
482
88
458
423
68
75
156
418
219
162
3
438
252
170
266
174
448
131
17
75
117
165
49
313
121
278
252
415
397
131
367
483
317
414
432
347
306
63
23
215
52
446
256
419
169
217
55
375
305
178
394
294
224
10
382
106
253
299
492
137
373
128
254
169
219
43
94
492
208
76
55
7
26
398
262
55
265
441
174
349
54
267
103
246
323
448
271
466
174
293
170
478
498
134
375
431
392
179
220
114
234
336
3
265
453
312
337
163
174
20
324
490
233
471
83
268
27
29
288
136
77
36
345
451
286
270
331
54
212
297
181
129
185
456
28
5
173
251
18
290
90
248
308
204
180
366
67
391
466
121
146
172
253
344
334
334
463
472
434
133
315
306
301
418
183
131
393
55
430
210
401
340
311
274
142
11
401
496
6
75
417
54
197
407
129
1
477
497
11
332
99
309
473
422
233
288
229
215
39
288
32
262
337
486
159
365
180
437
398
212
217
209
140
167
468
20
127
258
369
76
52
330
418
33
254
61
117
243
344
410
313
387
351
143
435
255
400
411
216
360
74
31
199
376
380
259
128
431
338
409
166
293
0
261
89
69
326
143
116
144
458
273
436
349
127
128
363
139
20
418
418
163
128
242
49
320
327
447
448
445
149
444
281
142
410
311
285
225
458
324
455
118
25
480
36
444
165
463
44
59
450
247
363
79
130
403
315
214
355
467
413
373
282
360
150
238
89
50
484
354
248
31
346
417
139
95
148
295
367
162
158
362
338
378
267
115
443
6
140
193
86
442
378
71
56
424
465
394
295
135
142
387
361
393
24
258
150
302
217
27
202
210
446
56
48
447
21
91
67
121
389
249
94
82
72
243
355
338
476
349
231
109
319
32
330
310
17
248
352
100
290
118
239
327
404
381
391
406
121
371
298
210
217
143
166
481
167
102
431
108
194
271
85
138
482
346
249
150
378
459
27
182
128
87
145
5
15
434
166
326
9
168
32
279
73
258
270
124
206
439
368
175
381
256
493
236
7
392
48
53
147
392
134
56
326
462
419
436
360
310
114
204
494
201
498
102
393
174
126
347
142
91
314
287
361
329
307
40
143
46
22
126
191
438
117
350
157
155
359
83
238
498
196
84
31
3
254
155
136
132
133
302
66
241
250
124
180
477
328
306
82
33
262
482
367
453
100
80
301
51
396
415
242
145
52
166
246
417
229
152
90
102
445
101
479
45
290
370
207
313
70
178
351
316
462
201
54
221
191
113
345
418
26
100
220
131
342
270
407
367
379
343
264
183
357
135
20
43
311
248
305
411
34
384
191
475
181
403
425
455
214
207
214
262
344
346
311
496
371
299
423
285
65
414
190
164
454
489
470
284
94
415
391
277
169
271
213
98
7
408
140
26
209
432
311
441
244
61
179
173
193
315
74
416
173
319
459
303
462
63
53
127
445
31
108
343
101
344
402
122
396
39
186
3
128
53
145
86
253
156
13
325
349
228
119
119
193
287
152
211
130
377
60
12
78
296
422
431
211
423
185
222
404
394
3
148
212
381
363
410
463
316
257
276
24
35
119
226
479
477
140
268
350
107
263
156
231
110
289
135
328
216
364
459
151
499
396
120
75
154
290
399
299
194
378
279
153
424
345
418
185
91
52
211
303
244
40
86
14
340
190
367
227
319
144
131
90
423
353
36
122
154
389
355
15
407
405
245
387
130
210
185
62
27
76
239
311
205
440
374
98
396
165
305
399
179
375
121
271
202
189
178
438
126
497
158
468
118
86
318
96
278
497
30
230
494
387
248
183
454
354
440
487
420
473
23
90
329
45
386
79
375
209
253
285
94
394
231
346
186
496
266
59
381
435
334
68
364
185
259
212
379
147
213
321
293
203
21
187
225
85
128
230
487
45
165
449
238
231
42
170
10
199
54
76
33
88
455
130
49
232
291
369
220
294
432
499
362
394
225
62
407
264
430
41
319
316
247
356
126
301
335
58
191
16
110
126
486
231
96
495
197
5
488
109
68
173
418
327
249
451
29
339
35
25
116
390
349
130
221
224
141
303
239
196
65
95
484
139
78
245
6
343
191
47
191
338
405
36
34
404
40
229
448
54
156
489
359
27
97
424
46
412
324
346
353
98
8
71
462
62
263
185
12
454
420
419
435
407
61
349
420
431
364
145
231
459
136
148
106
227
321
158
103
264
335
445
393
150
363
105
219
220
387
212
450
173
472
444
184
152
257
141
64
206
13
371
16
290
261
365
349
401
11
279
134
108
418
221
351
299
444
148
128
223
376
465
236
210
243
232
295
357
29
427
463
58
355
102
141
231
172
449
196
63
397
260
414
452
473
238
496
325
65
141
487
96
83
385
99
74
61
383
86
290
104
52
228
487
458
327
370
182
361
347
228
252
209
400
308
20
215
431
480
107
83
352
26
347
407
391
78
141
293
327
308
131
28
43
480
22
357
21
394
224
171
380
409
144
148
452
179
20
286
145
425
359
18
0
401
432
174
276
221
120
277
477
134
80
463
294
381
21
361
221
333
223
372
275
209
211
453
495
247
340
176
363
305
356
197
401
194
24
290
436
193
13
83
8
170
249
194
413
213
214
50
486
3
424
314
437
146
293
298
98
0
352
462
478
403
10
418
361
187
277
284
246
397
462
20
149
179
2
161
77
228
391
436
97
149
56
434
141
83
62
125
121
283
108
107
289
280
29
175
437
320
261
72
419
353
437
435
159
389
115
351
406
328
446
303
430
138
365
92
72
161
254
151
179
403
413
465
237
74
453
41
252
227
294
422
74
358
208
378
280
189
385
178
427
123
101
438
348
106
209
463
286
330
205
24
449
96
17
470
133
203
423
20
179
206
146
453
240
19
410
131
316
126
250
404
273
336
146
331
203
46
499
417
50
88
119
432
94
259
121
215
234
163
177
388
353
249
32
175
120
220
279
251
328
480
440
146
287
4
4
276
213
180
58
100
201
243
461
30
71
483
374
108
400
493
252
120
232
274
152
214
23
194
78
262
400
424
325
408
382
170
127
2
7
127
160
85
286
414
97
480
91
56
174
213
166
45
89
234
228
363
153
319
165
447
477
192
139
325
31
45
449
458
103
9
84
196
96
28
226
33
460
408
159
159
371
446
477
215
118
444
82
291
401
322
169
302
439
305
178
443
92
35
485
73
48
32
158
129
302
473
80
308
47
483
35
435
224
342
148
212
445
275
22
31
207
210
336
388
28
136
172
271
334
472
126
225
482
44
5
361
234
351
85
260
488
73
270
188
281
326
404
287
468
414
335
214
99
325
33
383
372
154
302
192
224
305
415
209
221
22
122
221
260
144
349
487
445
49
173
151
269
138
376
272
153
91
298
168
89
125
377
274
236
135
271
54
214
138
73
358
413
408
333
0
464
22
387
136
213
289
343
483
330
174
337
276
367
268
478
345
370
423
51
361
142
287
308
98
240
159
191
90
306
418
449
150
182
242
355
392
384
135
137
308
391
218
199
485
237
379
468
198
116
151
416
221
19
358
165
26
382
444
270
96
249
6
342
51
199
143
355
489
417
436
202
374
60
101
281
366
29
394
116
338
452
397
276
9
91
63
349
205
276
152
181
380
116
358
374
316
209
27
52
470
338
44
443
162
125
349
44
228
70
449
329
269
450
296
2
194
219
124
197
156
434
332
241
27
456
400
195
144
161
436
329
228
270
47
19
311
394
32
123
125
56
26
236
496
435
445
410
18
21
227
228
137
120
420
370
360
78
58
213
235
488
412
435
162
401
268
419
122
88
415
27
456
443
499
60
378
141
452
457
307
255
100
59
295
314
436
163
87
424
228
129
182
264
5
301
216
287
37
119
89
409
309
171
202
127
54
209
239
290
117
275
161
275
405
329
206
445
288
356
157
236
348
166
40
355
423
457
182
48
380
118
406
10
184
112
81
496
341
189
100
84
92
99
26
467
73
131
143
387
467
94
133
121
53
305
25
267
264
112
129
137
134
173
157
260
358
45
164
342
249
258
372
141
381
74
360
350
307
420
305
1
158
161
319
18
214
50
14
30
475
381
204
104
334
367
388
9
40
343
328
486
169
164
431
328
107
20
198
276
12
373
52
96
57
481
368
433
244
464
114
315
355
252
64
102
22
273
77
291
290
286
463
150
231
484
314
461
15
360
389
160
328
190
477
194
320
384
242
469
255
100
289
314
93
123
443
80
472
450
92
352
20
489
304
319
65
13
252
303
469
230
324
20
435
362
259
269
419
345
148
330
131
265
271
399
229
295
427
352
197
55
31
158
30
13
131
114
4
377
137
104
221
103
439
435
445
138
114
44
213
10
171
16
455
96
149
157
422
483
72
299
249
232
388
387
239
93
37
253
188
417
289
59
339
127
250
353
9
57
347
422
416
399
177
163
85
485
474
394
222
1
316
402
76
380
351
169
420
34
121
486
457
307
225
312
46
89
50
54
16
184
261
489
358
442
37
471
147
43
459
398
259
109
341
240
238
459
34
115
465
119
99
196
387
171
388
223
187
454
442
383
322
339
284
80
28
436
276
204
434
478
279
99
54
440
407
188
422
419
215
285
386
237
464
62
325
229
151
405
190
289
111
282
287
133
76
15
462
127
120
495
313
487
2
218
247
302
120
492
393
497
133
187
315
416
19
402
356
188
45
380
371
107
16
28
43
166
422
258
351
131
415
38
318
22
160
119
62
374
62
227
384
228
421
277
271
127
112
59
264
280
66
157
202
24
429
497
385
99
337
293
277
204
49
130
287
130
178
454
147
477
160
33
92
362
442
299
92
447
403
13
141
30
138
192
434
331
434
362
186
348
230
16
134
277
452
168
30
276
443
252
233
106
191
186
224
247
184
105
36
127
365
308
11
450
310
390
13
228
428
429
286
120
204
343
243
422
102
342
321
56
235
291
137
166
134
222
487
184
99
103
412
292
245
320
437
343
361
173
465
21
82
72
225
148
291
334
240
84
323
446
209
248
67
337
367
165
121
81
92
33
300
78
487
241
140
257
452
74
267
111
439
455
380
225
351
383
451
70
148
383
445
138
245
463
74
64
247
286
24
267
452
177
362
332
43
415
421
195
324
458
129
254
470
421
387
462
212
374
341
309
381
78
114
108
183
63
124
170
221
353
64
348
251
25
485
118
318
125
272
6
93
140
242
408
180
445
209
150
323
389
8
261
165
70
322
447
45
205
210
226
120
367
468
260
409
8
334
369
369
128
153
162
499
19
134
252
75
427
1
489
277
255
464
116
421
434
67
43
324
264
323
359
362
432
80
4
117
47
268
267
140
52
409
4
53
252
422
253
16
212
456
46
330
56
382
52
349
119
163
347
52
445
43
343
285
327
485
178
233
389
39
446
159
164
87
130
273
323
256
293
19
283
120
223
278
402
129
387
340
480
1
449
193
207
219
201
278
241
114
216
187
39
96
484
378
409
119
314
373
167
111
271
148
498
44
215
348
154
1
231
104
282
482
232
250
35
90
369
384
466
443
380
112
221
82
447
296
370
214
354
74
48
224
463
427
386
361
86
346
7
455
67
3
393
121
216
197
168
56
303
37
237
493
268
376
22
301
78
106
236
355
420
136
488
461
165
159
353
246
1
6
103
142
434
486
392
442
181
240
175
481
371
483
430
363
74
118
250
486
105
48
174
374
242
250
260
149
389
305
211
455
418
69
182
374
250
389
464
281
80
360
308
390
425
359
62
429
328
448
239
63
204
286
189
148
386
382
435
277
327
445
216
252
398
11
437
195
450
400
468
287
355
5
182
234
301
189
21
380
121
476
342
123
303
300
425
96
283
462
335
27
388
11
191
250
137
348
120
274
150
95
137
419
391
358
366
161
480
349
406
215
412
51
210
447
206
225
5
450
429
463
112
245
462
323
404
336
324
259
42
474
182
401
110
449
65
377
23
248
228
67
154
478
227
257
245
481
273
319
354
218
152
57
371
203
122
321
32
210
317
1
199
88
94
367
436
158
387
484
2
230
458
226
144
62
189
449
143
132
240
152
107
293
380
419
276
136
425
260
391
153
5
494
453
103
150
393
71
173
202
340
14
40
103
259
361
329
254
185
357
201
131
489
273
270
105
463
246
172
141
321
168
220
145
198
381
435
63
303
74
434
455
377
224
36
5
58
232
30
210
291
95
182
382
373
267
362
187
103
262
403
456
268
460
11
324
41
90
392
27
201
217
390
117
494
356
8
494
295
290
186
409
332
392
269
146
310
146
324
282
492
291
313
340
21
306
475
193
490
474
15
151
382
341
336
295
329
157
404
380
66
279
99
108
108
4
314
57
350
373
224
182
286
326
83
411
83
83
67
274
447
221
235
64
227
266
344
199
56
131
402
121
318
10
148
53
423
249
327
432
202
53
174
475
109
150
321
36
311
110
91
418
314
240
448
304
468
415
335
64
16
343
308
460
120
8
293
165
49
429
54
72
390
198
63
82
88
304
97
262
218
80
128
5
268
267
175
165
261
121
468
494
125
309
121
285
124
168
271
161
261
408
131
223
398
227
394
289
356
388
341
123
434
325
68
354
221
257
167
117
310
356
19
461
463
141
38
3
406
27
361
319
108
307
120
351
222
165
179
217
14
453
480
366
139
120
350
11
284
227
104
118
474
267
4
465
185
437
450
204
358
296
155
57
338
269
283
403
49
479
243
283
432
415
103
419
243
345
219
459
379
484
59
303
235
338
324
106
345
92
105
423
28
60
326
85
203
196
307
239
152
278
257
270
450
376
189
194
396
290
5
175
356
289
67
59
155
34
386
120
69
252
251
180
47
79
321
485
459
313
41
202
423
41
365
61
414
29
450
319
480
416
43
37
340
265
324
224
223
423
143
271
186
89
297
211
204
216
168
131
97
302
64
122
374
425
328
106
402
293
490
370
189
294
17
490
191
221
222
45
243
212
357
155
260
301
310
433
103
279
172
37
346
171
312
6
405
226
217
184
499
410
378
140
304
166
156
310
40
329
314
58
406
286
374
272
394
373
323
12
4
450
448
242
438
415
186
78
231
379
112
406
257
76
73
367
296
184
463
338
453
444
347
211
26
133
82
383
126
52
258
29
286
82
424
422
73
91
48
46
494
496
441
254
232
84
0
276
187
105
255
48
264
251
498
168
265
220
412
114
262
103
273
317
183
138
108
317
491
243
157
298
416
63
141
271
252
214
241
272
419
165
462
481
82
457
102
310
408
315
340
463
115
321
380
154
277
20
249
499
131
438
426
207
342
469
263
333
76
1
310
277
21
131
222
242
215
27
459
499
127
167
422
184
465
20
89
38
41
236
210
408
171
72
237
323
3
481
368
148
274
42
147
93
373
288
55
34
243
448
261
280
445
360
258
439
328
76
306
143
335
239
400
244
57
227
397
219
217
305
59
25
344
188
154
306
279
487
23
160
445
233
433
413
8
421
29
183
259
50
131
167
334
353
234
147
474
344
142
112
454
289
56
370
327
316
361
418
90
25
200
258
375
417
254
143
310
251
155
239
247
134
54
448
104
309
244
249
341
90
137
468
3
386
87
388
230
325
27
179
352
69
5
27
355
330
4
124
236
425
170
497
320
435
69
348
363
480
238
87
316
150
205
437
76
492
193
383
299
140
305
487
387
196
403
35
142
53
88
266
290
124
388
176
474
194
23
138
148
377
301
491
57
7
366
185
201
142
457
28
48
209
274
25
212
122
401
145
264
428
141
459
59
471
432
364
209
334
497
342
383
189
400
395
462
395
69
26
330
13
43
289
462
235
246
157
427
470
87
359
484
355
191
473
57
463
239
177
493
340
462
164
344
475
207
61
161
342
457
254
462
188
392
236
493
251
158
427
19
273
325
472
340
489
195
131
342
4
56
367
297
487
354
292
194
472
47
355
58
401
334
151
290
124
291
35
401
240
140
131
294
434
292
113
66
243
72
133
399
137
139
18
366
40
38
94
219
20
483
435
491
380
432
408
54
452
36
152
145
247
23
13
246
34
475
44
403
357
134
234
296
47
92
278
144
287
0
190
53
170
391
99
370
110
180
5
418
445
272
454
155
107
292
301
420
24
443
58
95
254
157
300
257
129
64
395
347
343
498
380
453
310
496
206
5
216
166
298
362
283
382
300
165
377
365
367
16
33
3
315
353
490
78
482
54
80
282
450
158
277
376
448
26
273
260
448
46
345
172
395
21
17
134
492
112
208
85
372
86
328
311
308
431
306
492
344
150
307
214
353
35
216
477
359
38
263
498
348
42
366
144
120
385
143
36
321
400
205
28
118
337
51
335
359
279
234
192
203
326
359
445
118
132
313
305
59
103
124
331
300
348
11
489
13
60
495
445
483
241
264
359
198
26
15
320
125
86
133
201
321
250
156
334
319
146
243
24
213
423
142
393
223
290
195
7
26
7
114
492
238
278
108
9
81
65
446
357
95
80
84
131
143
210
329
53
402
473
439
495
166
84
212
163
173
194
430
195
400
109
151
390
142
196
414
266
21
254
440
278
124
421
190
326
365
114
78
319
105
281
357
5
12
330
132
434
271
357
217
244
17
32
160
126
423
379
417
151
420
477
232
31
131
308
348
327
364
221
48
427
270
205
12
270
29
223
110
236
235
347
312
239
14
362
373
268
302
483
378
111
197
238
3
73
334
411
478
297
498
412
23
217
104
154
408
203
208
210
264
488
350
432
30
494
208
308
127
428
169
400
44
218
183
160
305
476
120
400
23
132
76
455
194
306
110
5
343
106
25
358
79
111
36
187
212
183
397
162
434
31
177
489
492
313
196
256
61
282
369
184
416
121
391
434
126
157
394
135
98
250
135
88
454
343
206
122
418
246
331
104
445
276
347
384
286
323
267
390
139
153
133
406
416
15
146
125
327
278
391
395
20
60
180
440
190
231
210
247
35
477
472
434
221
211
65
183
13
408
376
278
48
24
491
216
271
226
296
351
140
185
137
172
475
162
247
342
234
367
162
115
475
138
2
71
229
393
17
27
54
424
487
24
400
412
126
264
23
95
15
94
353
11
232
53
87
339
372
305
436
424
308
442
139
416
316
288
42
493
217
488
312
352
476
83
18
376
47
404
234
388
154
452
163
431
144
131
273
72
343
498
288
81
462
483
219
160
490
477
175
423
283
177
412
135
239
68
331
252
403
258
188
72
281
110
370
398
137
270
205
36
128
442
423
366
499
0
430
181
352
150
17
444
429
408
341
414
352
139
442
224
334
187
34
0
448
408
181
175
76
498
310
31
144
6
381
351
162
219
13
451
410
439
364
91
169
495
272
219
339
380
60
21
152
322
372
30
155
269
249
374
191
419
344
89
57
185
109
153
297
105
231
370
156
95
187
480
418
27
472
281
209
227
105
146
198
229
361
373
118
7
98
79
243
104
285
403
216
90
428
200
275
394
105
267
262
224
26
272
352
60
430
21
184
467
368
183
446
10
417
206
233
52
354
259
129
94
167
92
185
488
101
462
372
22
215
397
384
84
171
169
15
153
194
257
437
46
245
29
170
238
250
131
416
189
360
157
75
433
282
204
245
196
229
493
392
196
128
213
394
484
243
458
51
336
67
268
321
222
346
355
240
489
53
183
227
322
326
61
107
401
179
484
158
454
124
388
7
129
472
326
112
423
9
196
436
139
378
494
474
144
148
413
94
343
85
87
246
242
105
304
115
318
233
335
334
318
201
19
221
234
96
44
75
487
443
25
210
99
210
72
182
347
42
0
70
347
356
197
466
59
224
65
57
167
41
357
468
36
52
107
370
460
408
103
265
342
125
360
13
488
476
65
212
221
285
223
270
286
402
132
397
303
84
300
24
242
491
79
399
403
374
147
355
462
339
400
151
349
8
197
318
82
307
429
47
4
48
234
393
217
52
100
429
359
224
277
136
33
262
420
257
337
75
448
478
163
114
294
150
148
488
345
427
356
128
120
121
325
441
498
275
162
122
42
4
463
397
309
381
305
255
32
45
176
166
396
36
454
409
269
392
339
368
119
13
327
119
451
81
432
412
289
280
417
487
325
444
470
154
19
78
57
465
495
287
77
68
121
498
232
494
78
459
302
289
183
45
211
287
465
59
157
86
162
140
480
12
245
355
126
28
76
345
491
341
14
187
83
108
367
358
165
400
60
414
108
102
14
89
32
361
367
99
488
495
246
419
117
120
259
491
489
423
495
469
113
427
24
201
92
487
420
214
353
141
19
1
378
32
95
47
478
92
288
497
264
42
487
245
102
224
17
355
312
382
32
231
132
218
390
429
386
117
114
28
436
62
223
447
156
210
258
418
9
25
288
229
446
308
104
114
405
295
334
131
163
90
59
45
260
38
367
259
102
209
325
294
289
226
333
198
70
141
112
33
124
263
123
23
347
245
165
86
2
294
251
23
462
406
189
428
213
200
175
455
496
224
239
407
489
26
168
377
368
237
344
290
220
95
210
287
396
479
479
321
411
241
438
111
321
331
149
460
175
308
194
337
444
457
126
23
152
73
49
360
453
85
186
184
37
404
392
414
184
281
201
44
79
143
258
263
131
4
444
286
333
489
269
101
442
113
261
201
130
40
151
203
279
413
147
79
479
64
478
206
114
289
300
345
225
301
4
259
209
206
120
416
380
128
367
196
337
303
37
299
11
354
114
178
488
323
349
367
490
4
166
220
477
320
286
382
38
38
162
95
223
392
307
196
208
169
420
52
98
48
85
272
350
236
274
274
273
320
159
308
213
378
86
497
454
329
217
141
246
435
383
19
193
392
445
32
17
274
57
247
349
7
117
176
477
394
360
193
481
91
286
262
334
166
330
219
309
180
461
444
9
131
276
192
27
207
212
202
207
438
65
375
298
213
193
96
454
95
295
356
82
422
488
385
3
335
148
92
426
379
428
245
26
487
79
256
252
447
174
312
413
139
124
214
237
142
346
286
82
364
467
364
394
277
64
201
108
146
222
499
76
336
380
30
234
191
491
304
481
164
170
268
277
382
415
291
149
141
223
263
397
16
121
67
126
297
126
66
43
347
391
39
385
335
316
382
270
186
140
181
482
281
317
341
441
462
9
277
67
199
249
179
206
356
232
231
70
190
367
169
435
281
228
30
363
337
85
485
75
404
83
105
107
399
310
403
286
200
406
98
447
247
426
483
287
479
204
138
406
143
218
260
147
476
196
235
107
174
78
355
260
106
303
122
364
490
425
390
159
403
303
393
61
286
304
257
418
6
370
486
434
217
228
461
48
57
419
170
100
121
499
340
8
40
480
115
345
397
447
70
182
208
286
18
105
63
475
383
80
117
453
453
305
75
487
454
242
368
254
263
448
58
328
352
434
477
186
291
29
444
470
43
477
470
178
9
323
127
73
71
60
175
177
437
328
362
97
293
337
80
215
158
337
275
394
439
427
250
458
236
481
292
440
277
102
374
456
118
382
238
84
403
348
177
123
13
359
289
41
324
176
354
481
483
149
465
300
445
343
143
224
285
189
241
309
304
418
56
262
81
35
63
267
22
435
34
102
9
446
281
44
265
73
105
421
82
274
235
463
314
42
303
410
490
189
302
340
488
260
15
163
82
190
106
159
403
48
23
318
433
185
134
141
127
110
310
337
247
333
59
109
322
388
330
302
83
440
56
377
26
159
436
459
22
71
317
179
392
420
139
439
9
95
15
216
58
376
469
188
450
225
321
245
78
480
385
379
280
256
294
40
480
222
98
75
15
325
281
219
128
19
171
62
445
50
36
162
270
391
69
166
184
8
314
452
288
156
116
354
245
299
181
262
211
491
234
130
358
150
497
20
83
48
430
406
129
272
451
450
38
482
158
88
351
356
238
128
494
486
498
293
126
354
289
54
180
8
171
441
332
164
331
133
133
217
253
460
433
338
113
328
241
447
41
233
341
298
396
444
298
315
228
230
19
325
61
204
445
53
226
482
199
72
327
386
146
468
232
66
178
247
93
160
120
316
46
41
256
482
37
420
174
418
61
393
201
271
118
313
400
180
471
159
137
234
170
151
162
482
250
267
398
85
61
283
216
90
24
381
150
444
280
84
424
149
10
169
466
302
219
24
0
408
37
72
304
93
416
185
249
443
448
332
78
18
365
148
169
345
352
84
21
303
422
45
150
22
343
374
23
180
33
293
68
492
312
247
346
215
64
179
308
271
293
391
187
407
226
483
451
285
198
106
391
69
130
187
87
94
155
252
65
58
367
425
226
461
209
142
86
50
486
245
141
122
438
35
139
392
40
97
367
457
449
136
155
100
481
8
267
157
31
244
231
136
170
194
461
275
396
104
64
135
196
236
313
155
362
284
68
305
306
341
87
75
89
21
229
413
423
18
358
471
310
217
144
74
297
495
93
470
101
482
35
394
380
47
257
267
338
355
52
62
237
76
312
157
55
269
477
340
115
268
56
68
124
431
110
311
245
261
274
13
38
479
205
371
98
154
235
358
126
354
157
198
148
312
147
424
111
352
211
100
322
159
193
447
131
378
416
444
186
206
488
377
254
299
29
229
87
114
381
296
241
356
126
370
264
267
454
99
44
135
227
71
447
98
129
113
277
443
65
225
395
157
51
39
475
38
143
218
186
490
85
452
295
358
455
86
448
272
271
376
95
445
269
407
303
341
128
306
266
474
243
186
325
415
379
477
25
453
364
8
448
194
413
204
86
254
52
242
241
472
125
253
135
39
29
457
377
420
250
38
291
477
117
319
103
394
221
103
254
263
26
88
261
379
188
162
3
399
309
354
55
250
484
396
453
332
183
421
30
180
387
253
140
354
71
396
426
288
387
139
227
385
146
334
188
312
138
407
429
78
102
289
209
106
39
275
433
168
87
351
261
8
300
434
320
272
169
112
469
369
326
39
75
89
456
241
202
305
287
291
266
234
487
269
163
317
424
294
214
87
118
150
479
372
275
71
131
488
495
284
281
451
15
193
215
149
137
426
414
446
223
170
442
275
4
436
55
238
262
399
192
290
26
147
0
285
6
82
131
256
9
312
13
128
296
63
290
497
119
90
77
404
438
331
446
1
105
483
122
1
349
269
57
440
353
486
47
302
479
196
433
458
460
484
298
108
347
278
266
491
248
355
351
390
220
372
218
177
30
257
51
50
277
283
18
361
317
431
217
291
284
72
144
206
274
440
336
69
442
273
331
153
350
162
303
197
153
355
25
458
164
228
396
142
435
130
46
38
88
134
245
433
71
180
390
3
96
207
306
77
155
186
2
467
471
106
105
124
493
313
160
196
141
214
121
344
381
162
130
150
316
367
312
451
362
150
127
49
251
166
189
204
425
155
51
307
333
369
142
319
24
49
170
208
278
156
63
269
436
306
325
73
103
253
202
381
240
191
496
204
81
317
212
332
256
325
469
283
182
17
402
206
362
373
360
433
376
382
2
303
56
424
401
343
496
37
374
303
121
175
233
293
344
280
440
427
287
76
113
126
173
239
280
22
492
23
93
7
181
304
89
220
494
146
190
193
295
83
428
110
289
282
61
31
278
63
345
228
188
256
290
265
410
307
81
314
228
316
222
31
159
454
117
496
368
73
49
15
480
375
105
6
324
392
497
98
73
222
306
288
226
216
369
91
285
417
249
442
452
232
427
496
257
19
53
489
364
77
90
127
479
249
53
237
406
388
80
334
132
272
111
202
37
350
241
388
298
312
367
311
374
59
339
90
335
272
470
337
32
230
216
47
472
428
59
97
83
159
339
8
74
278
189
414
285
212
287
369
237
429
195
100
76
17
186
430
4
337
151
220
222
412
52
218
319
489
320
225
431
329
129
83
237
192
340
108
39
167
447
208
338
253
134
105
469
97
149
291
58
262
485
128
381
166
85
244
96
128
439
1
162
490
27
184
